0.000000 0.000000 0.000000
0.000000 0.000000 0.000000
0.000000 0.000000 0.000000
0.000000 0.000000 0.000000
0.000000 0.000000 0.000000
0.000000 0.000000 0.000000
0.000000 0.000000 0.000000
0.000000 0.000000 0.000000
0.000000 0.000000 0.000000
0.000000 0.000000 0.000000
0.000000 0.000000 0.000000
0.000000 0.000000 0.000000
0.000000 0.000000 0.000000
0.000000 0.000000 0.000000
0.000000 0.000000 0.000000
0.000000 0.000000 0.000000
0.000000 0.000000 0.000000
0.000000 0.000000 0.000000
0.000000 0.000000 0.000000
0.000000 0.000000 0.000000
0.000000 0.000000 0.000000
0.000000 0.000000 0.000000
0.000000 0.000000 0.000000
0.000000 0.000000 0.000000
0.000000 0.000000 0.000000
0.000000 0.000000 0.000000
0.000000 0.000000 0.000000
0.000000 0.000000 0.000000
0.000000 0.000000 0.000000
0.000000 0.000000 0.000000
0.000000 0.000000 0.000000
0.000000 0.000000 0.000000
0.000000 0.000000 0.000000
0.000000 0.000000 0.000000
0.000000 0.000000 0.000000
0.000000 0.000000 0.000000
0.000000 0.000000 0.000000
0.000000 0.000000 0.000000
0.000000 0.000000 0.000000
0.000000 0.000000 0.000000
0.000000 0.000000 0.000000
0.000000 0.000000 0.000000
0.000000 0.000000 0.000000
0.000000 0.000000 0.000000
0.000000 0.000000 0.000000
0.000000 0.000000 0.000000
0.000000 0.000000 0.000000
0.000000 0.000000 0.000000
0.000000 0.000000 0.000000
0.000000 0.000000 0.000000
0.000000 0.000000 0.000000
0.000000 0.000000 0.000000
0.000000 0.000000 0.000000
0.000000 0.000000 0.000000
0.000000 0.000000 0.000000
0.000000 0.000000 0.000000
0.000000 0.000000 0.000000
0.000000 0.000000 0.000000
0.000000 0.000000 0.000000
0.000000 0.000000 0.000000
0.000000 0.000000 0.000000
0.000000 0.000000 0.000000
0.000000 0.000000 0.000000
0.000000 0.000000 0.000000
0.000000 0.000000 0.000000
0.000000 0.000000 0.000000
0.000000 0.000000 0.000000
0.000000 0.000000 0.000000
0.000000 0.000000 0.000000
0.000000 0.000000 0.000000
0.000000 0.000000 0.000000
0.000000 0.000000 0.000000
0.000000 0.000000 0.000000
0.000000 0.000000 0.000000
0.000000 0.000000 0.000000
0.000000 0.000000 0.000000
0.000000 0.000000 0.000000
0.000000 0.000000 0.000000
0.000000 0.000000 0.000000
0.000000 0.000000 0.000000
0.000000 0.000000 0.000000
0.000000 0.000000 0.000000
0.000000 0.000000 0.000000
0.000000 0.000000 0.000000
0.000000 0.000000 0.000000
0.000000 0.000000 0.000000
0.000000 0.000000 0.000000
0.000000 0.000000 0.000000
0.000000 0.000000 0.000000
0.000000 0.000000 0.000000
0.000000 0.000000 0.000000
0.000000 0.000000 0.000000
0.000000 0.000000 0.000000
0.000000 0.000000 0.000000
0.000000 0.000000 0.000000
0.000000 0.000000 0.000000
0.000000 0.000000 0.000000
0.000000 0.000000 0.000000
0.000000 0.000000 0.000000
0.000000 0.000000 0.000000
0.000000 0.000000 0.000000
0.000000 0.000000 0.000000
0.000000 0.000000 0.000000
0.000000 0.000000 0.000000
0.000000 0.000000 0.000000
0.000000 0.000000 0.000000
0.000000 0.000000 0.000000
0.000000 0.000000 0.000000
0.000000 0.000000 0.000000
0.000000 0.000000 0.000000
0.000000 0.000000 0.000000
0.000000 0.000000 0.000000
0.000000 0.000000 0.000000
0.000000 0.000000 0.000000
0.000000 0.000000 0.000000
0.000000 0.000000 0.000000
0.000000 0.000000 0.000000
0.000000 0.000000 0.000000
0.000000 0.000000 0.000000
0.000000 0.000000 0.000000
0.000000 0.000000 0.000000
0.000000 0.000000 0.000000
0.000000 0.000000 0.000000
0.000000 0.000000 0.000000
0.000000 0.000000 0.000000
26.774775 179.222141 0.000000
26.972973 181.885318 0.000000
27.171171 184.568136 0.000000
27.369369 187.270595 0.000000
27.567568 189.992695 0.000000
27.765766 192.734437 0.000000
27.963964 195.495820 0.000000
28.162162 198.276844 0.000000
28.360360 201.077510 0.000000
28.558559 203.897817 0.000000
28.756757 206.737765 0.000000
28.954955 209.597354 0.000000
29.153153 212.476585 0.000000
29.351351 215.375457 0.000000
29.549550 218.293970 0.000000
29.747748 221.232124 0.000000
29.945946 224.189920 0.000000
30.144144 227.167357 0.000000
30.342342 230.164435 0.000000
30.540541 233.181154 0.000000
30.738739 236.217515 0.000000
30.936937 239.273517 0.000000
31.135135 242.349160 0.000000
31.333333 245.444444 0.000000
31.531532 248.559370 0.000000
31.729730 251.693937 0.000000
31.927928 254.848145 0.000000
32.126126 258.021995 0.000000
32.324324 261.215486 0.000000
32.522523 264.428618 0.000000
32.720721 267.661391 0.000000
32.918919 270.913806 0.000000
33.117117 274.185862 0.000000
33.315315 277.477559 0.000000
33.513514 280.788897 0.000000
33.711712 284.119877 0.000000
33.909910 287.470498 0.000000
34.108108 290.840760 0.000000
34.306306 294.230663 0.000000
34.504505 297.640208 0.000000
34.702703 301.069394 0.000000
34.900901 304.518221 0.000000
35.099099 307.986689 0.000000
35.297297 311.474799 0.000000
35.495495 314.982550 0.000000
35.693694 318.509942 0.000000
35.891892 322.056976 0.000000
36.090090 325.623651 0.000000
36.288288 329.209967 0.000000
36.486486 332.815924 0.000000
36.684685 336.441523 0.000000
36.882883 340.086762 0.000000
37.081081 343.751644 0.000000
37.279279 347.436166 0.000000
37.477477 351.140330 0.000000
37.675676 354.864134 0.000000
37.873874 358.607581 0.000000
38.072072 362.370668 0.000000
38.270270 366.153397 0.000000
38.468468 369.955767 0.000000
38.666667 373.777778 0.000000
38.864865 377.619430 0.000000
39.063063 381.480724 0.000000
39.261261 385.361659 0.000000
39.459459 389.262235 0.000000
39.657658 393.182453 0.000000
39.855856 397.122312 0.000000
40.054054 401.081812 0.000000
40.252252 405.060953 0.000000
40.450450 409.059735 0.000000
40.648649 413.078159 0.000000
40.846847 417.116224 0.000000
41.045045 421.173931 0.000000
41.243243 425.251278 0.000000
41.441441 429.348267 0.000000
41.639640 433.464897 0.000000
41.837838 437.601169 0.000000
42.036036 441.757081 0.000000
42.234234 445.932635 0.000000
42.432432 450.127831 0.000000
42.630631 454.342667 0.000000
42.828829 458.577145 0.000000
43.027027 462.831264 0.000000
43.225225 467.105024 0.000000
43.423423 471.398425 0.000000
43.621622 475.711468 0.000000
43.819820 480.044152 0.000000
44.018018 484.396478 0.000000
44.216216 488.768444 0.000000
44.414414 493.160052 0.000000
44.612613 497.571301 0.000000
44.810811 502.002191 0.000000
45.009009 506.452723 0.000000
45.207207 510.922896 0.000000
45.405405 515.412710 0.000000
45.603604 519.922165 0.000000
45.801802 524.451262 0.000000
46.000000 529.000000 0.000000
46.198198 533.568379 0.000000
46.396396 538.156400 0.000000
46.594595 542.764061 0.000000
46.792793 547.391364 0.000000
46.990991 552.038309 0.000000
47.189189 556.704894 0.000000
47.387387 561.391121 0.000000
47.585586 566.096989 0.000000
47.783784 570.822498 0.000000
47.981982 575.567649 0.000000
48.180180 580.332441 0.000000
48.378378 585.116874 0.000000
48.576577 589.920948 0.000000
48.774775 594.744664 0.000000
48.972973 599.588020 0.000000
49.171171 604.451019 0.000000
49.369369 609.333658 0.000000
49.567568 614.235939 0.000000
49.765766 619.157861 0.000000
49.963964 624.099424 0.000000
50.162162 629.060628 0.000000
50.360360 634.041474 0.000000
50.558559 639.041961 0.000000
50.756757 644.062089 0.000000
50.954955 649.101859 0.000000
51.153153 654.161269 0.000000
51.351351 659.240321 0.000000
51.549550 664.339015 0.000000
51.747748 669.457349 0.000000
51.945946 674.595325 0.000000
52.144144 679.752942 0.000000
52.342342 684.930200 0.000000
52.540541 690.127100 0.000000
52.738739 695.343641 0.000000
52.936937 700.579823 0.000000
53.135135 705.835646 0.000000
53.333333 711.111111 0.000000
53.531532 716.406217 0.000000
53.729730 721.720964 0.000000
53.927928 727.055353 0.000000
54.126126 732.409382 0.000000
54.324324 737.783053 0.000000
54.522523 743.176366 0.000000
54.720721 748.589319 0.000000
54.918919 754.021914 0.000000
55.117117 759.474150 0.000000
55.315315 764.946027 0.000000
55.513514 770.437546 0.000000
55.711712 775.948705 0.000000
55.909910 781.479507 0.000000
56.108108 787.029949 0.000000
56.306306 792.600032 0.000000
56.504505 798.189757 0.000000
56.702703 803.799123 0.000000
56.900901 809.428131 0.000000
57.099099 815.076779 0.000000
57.297297 820.745069 0.000000
57.495495 826.433001 0.000000
57.693694 832.140573 0.000000
57.891892 837.867787 0.000000
58.090090 843.614642 0.000000
58.288288 849.381138 0.000000
58.486486 855.167275 0.000000
58.684685 860.973054 0.000000
58.882883 866.798474 0.000000
59.081081 872.643535 0.000000
59.279279 878.508238 0.000000
59.477477 884.392582 0.000000
59.675676 890.296567 0.000000
59.873874 896.220193 0.000000
60.072072 902.163461 0.000000
60.270270 908.126370 0.000000
60.468468 914.108920 0.000000
60.666667 920.111111 0.000000
60.864865 926.132944 0.000000
61.063063 932.174418 0.000000
61.261261 938.235533 0.000000
61.459459 944.316289 0.000000
61.657658 950.416687 0.000000
61.855856 956.536726 0.000000
62.054054 962.676406 0.000000
62.252252 968.835728 0.000000
62.450450 975.014690 0.000000
62.648649 981.213294 0.000000
62.846847 987.431540 0.000000
63.045045 993.669426 0.000000
63.243243 999.926954 0.000000
63.441441 1006.204123 0.000000
63.639640 1012.500933 0.000000
63.837838 1018.817385 0.000000
64.036036 1025.153478 0.000000
64.234234 1031.509212 0.000000
64.432432 1037.884587 0.000000
64.630631 1044.279604 0.000000
64.828829 1050.694262 0.000000
65.027027 1057.128561 0.000000
65.225225 1063.582501 0.000000
65.423423 1070.056083 0.000000
65.621622 1076.549306 0.000000
65.819820 1083.062170 0.000000
66.018018 1089.594676 0.000000
66.216216 1096.146822 0.000000
66.414414 1102.718611 0.000000
66.612613 1109.310040 0.000000
66.810811 1115.921110 0.000000
67.009009 1122.551822 0.000000
67.207207 1129.202175 0.000000
67.405405 1135.872169 0.000000
67.603604 1142.561805 0.000000
67.801802 1149.271082 0.000000
68.000000 1156.000000 0.000000
68.198198 1162.748559 0.000000
68.396396 1169.516760 0.000000
68.594595 1176.304602 0.000000
68.792793 1183.112085 0.000000
68.990991 1189.939209 0.000000
69.189189 1196.785975 0.000000
69.387387 1203.652382 0.000000
69.585586 1210.538430 0.000000
69.783784 1217.444120 0.000000
69.981982 1224.369451 0.000000
70.180180 1231.314423 0.000000
70.378378 1238.279036 0.000000
70.576577 1245.263290 0.000000
70.774775 1252.267186 0.000000
70.972973 1259.290723 0.000000
71.171171 1266.333901 0.000000
71.369369 1273.396721 0.000000
71.567568 1280.479182 0.000000
71.765766 1287.581284 0.000000
71.963964 1294.703027 0.000000
72.162162 1301.844412 0.000000
72.360360 1309.005438 0.000000
72.558559 1316.186105 0.000000
72.756757 1323.386413 0.000000
72.954955 1330.606363 0.000000
73.153153 1337.845954 0.000000
73.351351 1345.105186 0.000000
73.549550 1352.384060 0.000000
73.747748 1359.682574 0.000000
73.945946 1367.000730 0.000000
74.144144 1374.338528 0.000000
74.342342 1381.695966 0.000000
74.540541 1389.073046 0.000000
74.738739 1396.469767 0.000000
74.936937 1403.886129 0.000000
75.135135 1411.322133 0.000000
75.333333 1418.777778 0.000000
75.531532 1426.253064 0.000000
75.729730 1433.747991 0.000000
75.927928 1441.262560 0.000000
76.126126 1448.796770 0.000000
76.324324 1456.350621 0.000000
76.522523 1463.924113 0.000000
76.720721 1471.517247 0.000000
76.918919 1479.130022 0.000000
77.117117 1486.762438 0.000000
77.315315 1494.414496 0.000000
77.513514 1502.086194 0.000000
77.711712 1509.777534 0.000000
77.909910 1517.488516 0.000000
78.108108 1525.219138 0.000000
78.306306 1532.969402 0.000000
78.504505 1540.739307 0.000000
78.702703 1548.528853 0.000000
78.900901 1556.338041 0.000000
79.099099 1564.166870 0.000000
79.297297 1572.015340 0.000000
79.495495 1579.883451 0.000000
79.693694 1587.771204 0.000000
79.891892 1595.678598 0.000000
80.090090 1603.605633 0.000000
80.288288 1611.552309 0.000000
80.486486 1619.518627 0.000000
80.684685 1627.504586 0.000000
80.882883 1635.510186 0.000000
81.081081 1643.535427 0.000000
81.279279 1651.580310 0.000000
81.477477 1659.644834 0.000000
81.675676 1667.728999 0.000000
81.873874 1675.832806 0.000000
82.072072 1683.956254 0.000000
82.270270 1692.099343 0.000000
82.468468 1700.262073 0.000000
82.666667 1708.444444 0.000000
82.864865 1716.646457 0.000000
83.063063 1724.868111 0.000000
83.261261 1733.109407 0.000000
83.459459 1741.370343 0.000000
83.657658 1749.650921 0.000000
83.855856 1757.951140 0.000000
84.054054 1766.271001 0.000000
84.252252 1774.610502 0.000000
84.450450 1782.969645 0.000000
84.648649 1791.348430 0.000000
84.846847 1799.746855 0.000000
85.045045 1808.164922 0.000000
85.243243 1816.602630 0.000000
85.441441 1825.059979 0.000000
85.639640 1833.536969 0.000000
85.837838 1842.033601 0.000000
86.036036 1850.549874 0.000000
86.234234 1859.085788 0.000000
86.432432 1867.641344 0.000000
86.630631 1876.216541 0.000000
86.828829 1884.811379 0.000000
87.027027 1893.425858 0.000000
87.225225 1902.059979 0.000000
87.423423 1910.713741 0.000000
87.621622 1919.387144 0.000000
87.819820 1928.080188 0.000000
88.018018 1936.792874 0.000000
88.216216 1945.525201 0.000000
88.414414 1954.277169 0.000000
88.612613 1963.048779 0.000000
88.810811 1971.840029 0.000000
89.009009 1980.650921 0.000000
89.207207 1989.481454 0.000000
89.405405 1998.331629 0.000000
89.603604 2007.201445 0.000000
89.801802 2016.090902 0.000000
90.000000 2025.000000 0.000000
90.198198 2033.928740 0.000000
90.396396 2042.877120 0.000000
90.594595 2051.845142 0.000000
90.792793 2060.832806 0.000000
90.990991 2069.840110 0.000000
91.189189 2078.867056 0.000000
91.387387 2087.913643 0.000000
91.585586 2096.979872 0.000000
91.783784 2106.065741 0.000000
91.981982 2115.171252 0.000000
92.180180 2124.296405 0.000000
92.378378 2133.441198 0.000000
92.576577 2142.605633 0.000000
92.774775 2151.789709 0.000000
92.972973 2160.993426 0.000000
93.171171 2170.216784 0.000000
93.369369 2179.459784 0.000000
93.567568 2188.722425 0.000000
93.765766 2198.004707 0.000000
93.963964 2207.306631 0.000000
94.162162 2216.628196 0.000000
94.360360 2225.969402 0.000000
94.558559 2235.330249 0.000000
94.756757 2244.710738 0.000000
94.954955 2254.110868 0.000000
95.153153 2263.530639 0.000000
95.351351 2272.970051 0.000000
95.549550 2282.429105 0.000000
95.747748 2291.907800 0.000000
95.945946 2301.406136 0.000000
96.144144 2310.924113 0.000000
96.342342 2320.461732 0.000000
96.540541 2330.018992 0.000000
96.738739 2339.595893 0.000000
96.936937 2349.192436 0.000000
97.135135 2358.808619 0.000000
97.333333 2368.444444 0.000000
97.531532 2378.099911 0.000000
97.729730 2387.775018 0.000000
97.927928 2397.469767 0.000000
98.126126 2407.184157 0.000000
98.324324 2416.918188 0.000000
98.522523 2426.671861 0.000000
98.720721 2436.445175 0.000000
98.918919 2446.238130 0.000000
99.117117 2456.050726 0.000000
99.315315 2465.882964 0.000000
99.513514 2475.734843 0.000000
99.711712 2485.606363 0.000000
99.909910 2495.497525 0.000000
100.108108 2505.408327 0.000000
100.306306 2515.338771 0.000000
100.504505 2525.288856 0.000000
100.702703 2535.258583 0.000000
100.900901 2545.247951 0.000000
101.099099 2555.256960 0.000000
101.297297 2565.285610 0.000000
101.495495 2575.333901 0.000000
101.693694 2585.401834 0.000000
101.891892 2595.489408 0.000000
102.090090 2605.596624 0.000000
102.288288 2615.723480 0.000000
102.486486 2625.869978 0.000000
102.684685 2636.036117 0.000000
102.882883 2646.221898 0.000000
103.081081 2656.427319 0.000000
103.279279 2666.652382 0.000000
103.477477 2676.897086 0.000000
103.675676 2687.161432 0.000000
103.873874 2697.445418 0.000000
104.072072 2707.749046 0.000000
104.270270 2718.072316 0.000000
104.468468 2728.415226 0.000000
104.666667 2738.777778 0.000000
104.864865 2749.159971 0.000000
105.063063 2759.561805 0.000000
105.261261 2769.983281 0.000000
105.459459 2780.424397 0.000000
105.657658 2790.885155 0.000000
105.855856 2801.365555 0.000000
106.054054 2811.865595 0.000000
106.252252 2822.385277 0.000000
106.450450 2832.924600 0.000000
106.648649 2843.483565 0.000000
106.846847 2854.062170 0.000000
107.045045 2864.660417 0.000000
107.243243 2875.278305 0.000000
107.441441 2885.915835 0.000000
107.639640 2896.573005 0.000000
107.837838 2907.249817 0.000000
108.036036 2917.946271 0.000000
108.234234 2928.662365 0.000000
108.432432 2939.398101 0.000000
108.630631 2950.153478 0.000000
108.828829 2960.928496 0.000000
109.027027 2971.723156 0.000000
109.225225 2982.537456 0.000000
109.423423 2993.371398 0.000000
109.621622 3004.224982 0.000000
109.819820 3015.098206 0.000000
110.018018 3025.991072 0.000000
110.216216 3036.903579 0.000000
110.414414 3047.835728 0.000000
110.612613 3058.787517 0.000000
110.810811 3069.758948 0.000000
111.009009 3080.750020 0.000000
111.207207 3091.760734 0.000000
111.405405 3102.791088 0.000000
111.603604 3113.841084 0.000000
111.801802 3124.910722 0.000000
112.000000 3136.000000 0.000000
112.198198 3147.108920 0.000000
112.396396 3158.237481 0.000000
112.594595 3169.385683 0.000000
112.792793 3180.553526 0.000000
112.990991 3191.741011 0.000000
113.189189 3202.948137 0.000000
113.387387 3214.174905 0.000000
113.585586 3225.421313 0.000000
113.783784 3236.687363 0.000000
113.981982 3247.973054 0.000000
114.180180 3259.278386 0.000000
114.378378 3270.603360 0.000000
114.576577 3281.947975 0.000000
114.774775 3293.312231 0.000000
114.972973 3304.696129 0.000000
115.171171 3316.099667 0.000000
115.369369 3327.522847 0.000000
115.567568 3338.965668 0.000000
115.765766 3350.428131 0.000000
115.963964 3361.910235 0.000000
116.162162 3373.411980 0.000000
116.360360 3384.933366 0.000000
116.558559 3396.474393 0.000000
116.756757 3408.035062 0.000000
116.954955 3419.615372 0.000000
117.153153 3431.215323 0.000000
117.351351 3442.834916 0.000000
117.549550 3454.474150 0.000000
117.747748 3466.133025 0.000000
117.945946 3477.811541 0.000000
118.144144 3489.509699 0.000000
118.342342 3501.227498 0.000000
118.540541 3512.964938 0.000000
118.738739 3524.722019 0.000000
118.936937 3536.498742 0.000000
119.135135 3548.295106 0.000000
119.333333 3560.111111 0.000000
119.531532 3571.946758 0.000000
119.729730 3583.802045 0.000000
119.927928 3595.676974 0.000000
120.126126 3607.571545 0.000000
120.324324 3619.485756 0.000000
120.522523 3631.419609 0.000000
120.720721 3643.373103 0.000000
120.918919 3655.346238 0.000000
121.117117 3667.339015 0.000000
121.315315 3679.351433 0.000000
121.513514 3691.383492 0.000000
121.711712 3703.435192 0.000000
121.909910 3715.506534 0.000000
122.108108 3727.597516 0.000000
122.306306 3739.708141 0.000000
122.504505 3751.838406 0.000000
122.702703 3763.988313 0.000000
122.900901 3776.157861 0.000000
123.099099 3788.347050 0.000000
123.297297 3800.555880 0.000000
123.495495 3812.784352 0.000000
123.693694 3825.032465 0.000000
123.891892 3837.300219 0.000000
124.090090 3849.587615 0.000000
124.288288 3861.894651 0.000000
124.486486 3874.221329 0.000000
124.684685 3886.567649 0.000000
124.882883 3898.933609 0.000000
125.081081 3911.319211 0.000000
125.279279 3923.724454 0.000000
125.477477 3936.149339 0.000000
125.675676 3948.593864 0.000000
125.873874 3961.058031 0.000000
126.072072 3973.541839 0.000000
126.270270 3986.045289 0.000000
126.468468 3998.568379 0.000000
126.666667 4011.111111 0.000000
126.864865 4023.673484 0.000000
127.063063 4036.255499 0.000000
127.261261 4048.857154 0.000000
127.459459 4061.478451 0.000000
127.657658 4074.119390 0.000000
127.855856 4086.779969 0.000000
128.054054 4099.460190 0.000000
128.252252 4112.160052 0.000000
128.450450 4124.879555 0.000000
128.648649 4137.618700 0.000000
128.846847 4150.377486 0.000000
129.045045 4163.155913 0.000000
129.243243 4175.953981 0.000000
129.441441 4188.771691 0.000000
129.639640 4201.609041 0.000000
129.837838 4214.466034 0.000000
130.036036 4227.342667 0.000000
130.234234 4240.238942 0.000000
130.432432 4253.154858 0.000000
130.630631 4266.090415 0.000000
130.828829 4279.045613 0.000000
131.027027 4292.020453 0.000000
131.225225 4305.014934 0.000000
131.423423 4318.029056 0.000000
131.621622 4331.062820 0.000000
131.819820 4344.116224 0.000000
132.018018 4357.189270 0.000000
132.216216 4370.281958 0.000000
132.414414 4383.394286 0.000000
132.612613 4396.526256 0.000000
132.810811 4409.677867 0.000000
133.009009 4422.849119 0.000000
133.207207 4436.040013 0.000000
133.405405 4449.250548 0.000000
133.603604 4462.480724 0.000000
133.801802 4475.730541 0.000000
134.000000 4489.000000 0.000000
134.198198 4502.289100 0.000000
134.396396 4515.597841 0.000000
134.594595 4528.926224 0.000000
134.792793 4542.274247 0.000000
134.990991 4555.641912 0.000000
135.189189 4569.029218 0.000000
135.387387 4582.436166 0.000000
135.585586 4595.862755 0.000000
135.783784 4609.308985 0.000000
135.981982 4622.774856 0.000000
136.180180 4636.260368 0.000000
136.378378 4649.765522 0.000000
136.576577 4663.290317 0.000000
136.774775 4676.834754 0.000000
136.972973 4690.398831 0.000000
137.171171 4703.982550 0.000000
137.369369 4717.585910 0.000000
137.567568 4731.208912 0.000000
137.765766 4744.851554 0.000000
137.963964 4758.513838 0.000000
138.162162 4772.195763 0.000000
138.360360 4785.897330 0.000000
138.558559 4799.618537 0.000000
138.756757 4813.359386 0.000000
138.954955 4827.119877 0.000000
139.153153 4840.900008 0.000000
139.351351 4854.699781 0.000000
139.549550 4868.519195 0.000000
139.747748 4882.358250 0.000000
139.945946 4896.216947 0.000000
140.144144 4910.095284 0.000000
140.342342 4923.993264 0.000000
140.540541 4937.910884 0.000000
140.738739 4951.848145 0.000000
140.936937 4965.805048 0.000000
141.135135 4979.781592 0.000000
141.333333 4993.777778 0.000000
141.531532 5007.793604 0.000000
141.729730 5021.829072 0.000000
141.927928 5035.884181 0.000000
142.126126 5049.958932 0.000000
142.324324 5064.053324 0.000000
142.522523 5078.167357 0.000000
142.720721 5092.301031 0.000000
142.918919 5106.454346 0.000000
143.117117 5120.627303 0.000000
143.315315 5134.819901 0.000000
143.513514 5149.032140 0.000000
143.711712 5163.264021 0.000000
143.909910 5177.515543 0.000000
144.108108 5191.786706 0.000000
144.306306 5206.077510 0.000000
144.504505 5220.387956 0.000000
144.702703 5234.718042 0.000000
144.900901 5249.067770 0.000000
145.099099 5263.437140 0.000000
145.297297 5277.826150 0.000000
145.495495 5292.234802 0.000000
145.693694 5306.663096 0.000000
145.891892 5321.111030 0.000000
146.090090 5335.578606 0.000000
146.288288 5350.065823 0.000000
146.486486 5364.572681 0.000000
146.684685 5379.099180 0.000000
146.882883 5393.645321 0.000000
147.081081 5408.211103 0.000000
147.279279 5422.796526 0.000000
147.477477 5437.401591 0.000000
147.675676 5452.026297 0.000000
147.873874 5466.670644 0.000000
148.072072 5481.334632 0.000000
148.270270 5496.018262 0.000000
148.468468 5510.721532 0.000000
148.666667 5525.444444 0.000000
148.864865 5540.186998 0.000000
149.063063 5554.949192 0.000000
149.261261 5569.731028 0.000000
149.459459 5584.532505 0.000000
149.657658 5599.353624 0.000000
149.855856 5614.194384 0.000000
150.054054 5629.054785 0.000000
150.252252 5643.934827 0.000000
150.450450 5658.834510 0.000000
150.648649 5673.753835 0.000000
150.846847 5688.692801 0.000000
151.045045 5703.651408 0.000000
151.243243 5718.629657 0.000000
151.441441 5733.627546 0.000000
151.639640 5748.645078 0.000000
151.837838 5763.682250 0.000000
152.036036 5778.739063 0.000000
152.234234 5793.815518 0.000000
152.432432 5808.911614 0.000000
152.630631 5824.027352 0.000000
152.828829 5839.162730 0.000000
153.027027 5854.317750 0.000000
153.225225 5869.492411 0.000000
153.423423 5884.686714 0.000000
153.621622 5899.900657 0.000000
153.819820 5915.134242 0.000000
154.018018 5930.387469 0.000000
154.216216 5945.660336 0.000000
154.414414 5960.952845 0.000000
154.612613 5976.264995 0.000000
154.810811 5991.596786 0.000000
155.009009 6006.948218 0.000000
155.207207 6022.319292 0.000000
155.405405 6037.710007 0.000000
155.603604 6053.120364 0.000000
155.801802 6068.550361 0.000000
156.000000 6084.000000 0.000000
156.198198 6099.469280 0.000000
156.396396 6114.958201 0.000000
156.594595 6130.466764 0.000000
156.792793 6145.994968 0.000000
156.990991 6161.542813 0.000000
157.189189 6177.110299 0.000000
157.387387 6192.697427 0.000000
157.585586 6208.304196 0.000000
157.783784 6223.930606 0.000000
157.981982 6239.576658 0.000000
158.180180 6255.242350 0.000000
158.378378 6270.927684 0.000000
158.576577 6286.632660 0.000000
158.774775 6302.357276 0.000000
158.972973 6318.101534 0.000000
159.171171 6333.865433 0.000000
159.369369 6349.648973 0.000000
159.567568 6365.452155 0.000000
159.765766 6381.274978 0.000000
159.963964 6397.117442 0.000000
160.162162 6412.979547 0.000000
160.360360 6428.861294 0.000000
160.558559 6444.762682 0.000000
160.756757 6460.683711 0.000000
160.954955 6476.624381 0.000000
161.153153 6492.584693 0.000000
161.351351 6508.564646 0.000000
161.549550 6524.564240 0.000000
161.747748 6540.583475 0.000000
161.945946 6556.622352 0.000000
162.144144 6572.680870 0.000000
162.342342 6588.759029 0.000000
162.540541 6604.856830 0.000000
162.738739 6620.974272 0.000000
162.936937 6637.111355 0.000000
163.135135 6653.268079 0.000000
163.333333 6669.444444 0.000000
163.531532 6685.640451 0.000000
163.729730 6701.856099 0.000000
163.927928 6718.091389 0.000000
164.126126 6734.346319 0.000000
164.324324 6750.620891 0.000000
164.522523 6766.915104 0.000000
164.720721 6783.228959 0.000000
164.918919 6799.562454 0.000000
165.117117 6815.915591 0.000000
165.315315 6832.288369 0.000000
165.513514 6848.680789 0.000000
165.711712 6865.092850 0.000000
165.909910 6881.524552 0.000000
166.108108 6897.975895 0.000000
166.306306 6914.446879 0.000000
166.504505 6930.937505 0.000000
166.702703 6947.447772 0.000000
166.900901 6963.977680 0.000000
167.099099 6980.527230 0.000000
167.297297 6997.096421 0.000000
167.495495 7013.685253 0.000000
167.693694 7030.293726 0.000000
167.891892 7046.921841 0.000000
168.090090 7063.569597 0.000000
168.288288 7080.236994 0.000000
168.486486 7096.924032 0.000000
168.684685 7113.630712 0.000000
168.882883 7130.357033 0.000000
169.081081 7147.102995 0.000000
169.279279 7163.868598 0.000000
169.477477 7180.653843 0.000000
169.675676 7197.458729 0.000000
169.873874 7214.283256 0.000000
170.072072 7231.127425 0.000000
170.270270 7247.991234 0.000000
170.468468 7264.874685 0.000000
170.666667 7281.777778 0.000000
170.864865 7298.700511 0.000000
171.063063 7315.642886 0.000000
171.261261 7332.604902 0.000000
171.459459 7349.586560 0.000000
171.657658 7366.587858 0.000000
171.855856 7383.608798 0.000000
172.054054 7400.649379 0.000000
172.252252 7417.709601 0.000000
172.450450 7434.789465 0.000000
172.648649 7451.888970 0.000000
172.846847 7469.008116 0.000000
173.045045 7486.146904 0.000000
173.243243 7503.305332 0.000000
173.441441 7520.483402 0.000000
173.639640 7537.681114 0.000000
173.837838 7554.898466 0.000000
174.036036 7572.135460 0.000000
174.234234 7589.392095 0.000000
174.432432 7606.668371 0.000000
174.630631 7623.964289 0.000000
174.828829 7641.279847 0.000000
175.027027 7658.615047 0.000000
175.225225 7675.969889 0.000000
175.423423 7693.344371 0.000000
175.621622 7710.738495 0.000000
175.819820 7728.152260 0.000000
176.018018 7745.585667 0.000000
176.216216 7763.038714 0.000000
176.414414 7780.511403 0.000000
176.612613 7798.003733 0.000000
176.810811 7815.515705 0.000000
177.009009 7833.047318 0.000000
177.207207 7850.598572 0.000000
177.405405 7868.169467 0.000000
177.603604 7885.760003 0.000000
177.801802 7903.370181 0.000000
178.000000 7921.000000 0.000000
178.198198 7938.649460 0.000000
178.396396 7956.318562 0.000000
178.594595 7974.007305 0.000000
178.792793 7991.715689 0.000000
178.990991 8009.443714 0.000000
179.189189 8027.191381 0.000000
179.387387 8044.958688 0.000000
179.585586 8062.745638 0.000000
179.783784 8080.552228 0.000000
179.981982 8098.378460 0.000000
180.180180 8116.224332 0.000000
180.378378 8134.089847 0.000000
180.576577 8151.975002 0.000000
180.774775 8169.879799 0.000000
180.972973 8187.804237 0.000000
181.171171 8205.748316 0.000000
181.369369 8223.712036 0.000000
181.567568 8241.695398 0.000000
181.765766 8259.698401 0.000000
181.963964 8277.721045 0.000000
182.162162 8295.763331 0.000000
182.360360 8313.825258 0.000000
182.558559 8331.906826 0.000000
182.756757 8350.008035 0.000000
182.954955 8368.128886 0.000000
183.153153 8386.269377 0.000000
183.351351 8404.429511 0.000000
183.549550 8422.609285 0.000000
183.747748 8440.808701 0.000000
183.945946 8459.027757 0.000000
184.144144 8477.266456 0.000000
184.342342 8495.524795 0.000000
184.540541 8513.802776 0.000000
184.738739 8532.100398 0.000000
184.936937 8550.417661 0.000000
185.135135 8568.754565 0.000000
185.333333 8587.111111 0.000000
185.531532 8605.487298 0.000000
185.729730 8623.883126 0.000000
185.927928 8642.298596 0.000000
186.126126 8660.733707 0.000000
186.324324 8679.188459 0.000000
186.522523 8697.662852 0.000000
186.720721 8716.156887 0.000000
186.918919 8734.670562 0.000000
187.117117 8753.203880 0.000000
187.315315 8771.756838 0.000000
187.513514 8790.329438 0.000000
187.711712 8808.921678 0.000000
187.909910 8827.533561 0.000000
188.108108 8846.165084 0.000000
188.306306 8864.816249 0.000000
188.504505 8883.487055 0.000000
188.702703 8902.177502 0.000000
188.900901 8920.887590 0.000000
189.099099 8939.617320 0.000000
189.297297 8958.366691 0.000000
189.495495 8977.135703 0.000000
189.693694 8995.924357 0.000000
189.891892 9014.732652 0.000000
190.090090 9033.560588 0.000000
190.288288 9052.408165 0.000000
190.486486 9071.275383 0.000000
190.684685 9090.162243 0.000000
190.882883 9109.068744 0.000000
191.081081 9127.994887 0.000000
191.279279 9146.940670 0.000000
191.477477 9165.906095 0.000000
191.675676 9184.891161 0.000000
191.873874 9203.895869 0.000000
192.072072 9222.920218 0.000000
192.270270 9241.964207 0.000000
192.468468 9261.027839 0.000000
192.666667 9280.111111 0.000000
192.864865 9299.214025 0.000000
193.063063 9318.336580 0.000000
193.261261 9337.478776 0.000000
193.459459 9356.640614 0.000000
193.657658 9375.822092 0.000000
193.855856 9395.023212 0.000000
194.054054 9414.243974 0.000000
194.252252 9433.484376 0.000000
194.450450 9452.744420 0.000000
194.648649 9472.024105 0.000000
194.846847 9491.323432 0.000000
195.045045 9510.642399 0.000000
195.243243 9529.981008 0.000000
195.441441 9549.339258 0.000000
195.639640 9568.717150 0.000000
195.837838 9588.114682 0.000000
196.036036 9607.531856 0.000000
196.234234 9626.968671 0.000000
196.432432 9646.425128 0.000000
196.630631 9665.901226 0.000000
196.828829 9685.396965 0.000000
197.027027 9704.912345 0.000000
197.225225 9724.447366 0.000000
197.423423 9744.002029 0.000000
197.621622 9763.576333 0.000000
197.819820 9783.170278 0.000000
198.018018 9802.783865 0.000000
198.216216 9822.417093 0.000000
198.414414 9842.069962 0.000000
198.612613 9861.742472 0.000000
198.810811 9881.434624 0.000000
199.009009 9901.146417 0.000000
199.207207 9920.877851 0.000000
199.405405 9940.628926 0.000000
199.603604 9960.399643 0.000000
199.801802 9980.190001 0.000000
200.000000 10000.000000 0.000000
