1.000000 1.000000 2.000000
1.052941 1.108685 2.105882
1.105882 1.222976 2.211765
1.158824 1.342872 2.317647
1.211765 1.468374 2.423529
1.264706 1.599481 2.529412
1.317647 1.736194 2.635294
1.370588 1.878512 2.741176
1.423529 2.026436 2.847059
1.476471 2.179965 2.952941
1.529412 2.339100 3.058824
1.582353 2.503841 3.164706
1.635294 2.674187 3.270588
1.688235 2.850138 3.376471
1.741176 3.031696 3.482353
1.794118 3.218858 3.588235
1.847059 3.411626 3.694118
1.900000 3.610000 3.800000
1.952941 3.813979 3.905882
2.005882 4.023564 4.011765
2.058824 4.238754 4.117647
2.111765 4.459550 4.223529
2.164706 4.685952 4.329412
2.217647 4.917958 4.435294
2.270588 5.155571 4.541176
2.323529 5.398789 4.647059
2.376471 5.647612 4.752941
2.429412 5.902042 4.858824
2.482353 6.162076 4.964706
2.535294 6.427716 5.070588
2.588235 6.698962 5.176471
2.641176 6.975813 5.282353
2.694118 7.258270 5.388235
2.747059 7.546332 5.494118
2.800000 7.840000 5.600000
2.852941 8.139273 5.705882
2.905882 8.444152 5.811765
2.958824 8.754637 5.917647
3.011765 9.070727 6.023529
3.064706 9.392422 6.129412
3.117647 9.719723 6.235294
3.170588 10.052630 6.341176
3.223529 10.391142 6.447059
3.276471 10.735260 6.552941
3.329412 11.084983 6.658824
3.382353 11.440311 6.764706
3.435294 11.801246 6.870588
3.488235 12.167785 6.976471
3.541176 12.539931 7.082353
3.594118 12.917682 7.188235
3.647059 13.301038 7.294118
3.700000 13.690000 7.400000
3.752941 14.084567 7.505882
3.805882 14.484740 7.611765
3.858824 14.890519 7.717647
3.911765 15.301903 7.823529
3.964706 15.718893 7.929412
4.017647 16.141488 8.035294
4.070588 16.569689 8.141176
4.123529 17.003495 8.247059
4.176471 17.442907 8.352941
4.229412 17.887924 8.458824
4.282353 18.338547 8.564706
4.335294 18.794775 8.670588
4.388235 19.256609 8.776471
4.441176 19.724048 8.882353
4.494118 20.197093 8.988235
4.547059 20.675744 9.094118
4.600000 21.160000 9.200000
4.652941 21.649862 9.305882
4.705882 22.145329 9.411765
4.758824 22.646401 9.517647
4.811765 23.153080 9.623529
4.864706 23.665363 9.729412
4.917647 24.183253 9.835294
4.970588 24.706747 9.941176
5.023529 25.235848 10.047059
5.076471 25.770554 10.152941
5.129412 26.310865 10.258824
5.182353 26.856782 10.364706
5.235294 27.408304 10.470588
5.288235 27.965433 10.576471
5.341176 28.528166 10.682353
5.394118 29.096505 10.788235
5.447059 29.670450 10.894118
5.500000 30.250000 11.000000
5.552941 30.835156 11.105882
5.605882 31.425917 11.211765
5.658824 32.022284 11.317647
5.711765 32.624256 11.423529
5.764706 33.231834 11.529412
5.817647 33.845017 11.635294
5.870588 34.463806 11.741176
5.923529 35.088201 11.847059
5.976471 35.718201 11.952941
6.029412 36.353806 12.058824
6.082353 36.995017 12.164706
6.135294 37.641834 12.270588
6.188235 38.294256 12.376471
6.241176 38.952284 12.482353
6.294118 39.615917 12.588235
6.347059 40.285156 12.694118
6.400000 40.960000 12.800000
6.452941 41.640450 12.905882
6.505882 42.326505 13.011765
6.558824 43.018166 13.117647
6.611765 43.715433 13.223529
6.664706 44.418304 13.329412
6.717647 45.126782 13.435294
6.770588 45.840865 13.541176
6.823529 46.560554 13.647059
6.876471 47.285848 13.752941
6.929412 48.016747 13.858824
6.982353 48.753253 13.964706
7.035294 49.495363 14.070588
7.088235 50.243080 14.176471
7.141176 50.996401 14.282353
7.194118 51.755329 14.388235
7.247059 52.519862 14.494118
7.300000 53.290000 14.600000
7.352941 54.065744 14.705882
7.405882 54.847093 14.811765
7.458824 55.634048 14.917647
7.511765 56.426609 15.023529
7.564706 57.224775 15.129412
7.617647 58.028547 15.235294
7.670588 58.837924 15.341176
7.723529 59.652907 15.447059
7.776471 60.473495 15.552941
7.829412 61.299689 15.658824
7.882353 62.131488 15.764706
7.935294 62.968893 15.870588
7.988235 63.811903 15.976471
8.041176 64.660519 16.082353
8.094118 65.514740 16.188235
8.147059 66.374567 16.294118
8.200000 67.240000 16.400000
8.252941 68.111038 16.505882
8.305882 68.987682 16.611765
8.358824 69.869931 16.717647
8.411765 70.757785 16.823529
8.464706 71.651246 16.929412
8.517647 72.550311 17.035294
8.570588 73.454983 17.141176
8.623529 74.365260 17.247059
8.676471 75.281142 17.352941
8.729412 76.202630 17.458824
8.782353 77.129723 17.564706
8.835294 78.062422 17.670588
8.888235 79.000727 17.776471
8.941176 79.944637 17.882353
8.994118 80.894152 17.988235
9.047059 81.849273 18.094118
9.100000 82.810000 18.200000
9.152941 83.776332 18.305882
9.205882 84.748270 18.411765
9.258824 85.725813 18.517647
9.311765 86.708962 18.623529
9.364706 87.697716 18.729412
9.417647 88.692076 18.835294
9.470588 89.692042 18.941176
9.523529 90.697612 19.047059
9.576471 91.708789 19.152941
9.629412 92.725571 19.258824
9.682353 93.747958 19.364706
9.735294 94.775952 19.470588
9.788235 95.809550 19.576471
9.841176 96.848754 19.682353
9.894118 97.893564 19.788235
9.947059 98.943979 19.894118
10.000000 100.000000 20.000000
10.052941 101.061626 20.105882
10.105882 102.128858 20.211765
10.158824 103.201696 20.317647
10.211765 104.280138 20.423529
10.264706 105.364187 20.529412
10.317647 106.453841 20.635294
10.370588 107.549100 20.741176
10.423529 108.649965 20.847059
10.476471 109.756436 20.952941
10.529412 110.868512 21.058824
10.582353 111.986194 21.164706
10.635294 113.109481 21.270588
10.688235 114.238374 21.376471
10.741176 115.372872 21.482353
10.794118 116.512976 21.588235
10.847059 117.658685 21.694118
10.900000 118.810000 21.800000
10.952941 119.966920 21.905882
11.005882 121.129446 22.011765
11.058824 122.297578 22.117647
11.111765 123.471315 22.223529
11.164706 124.650657 22.329412
11.217647 125.835606 22.435294
11.270588 127.026159 22.541176
11.323529 128.222318 22.647059
11.376471 129.424083 22.752941
11.429412 130.631453 22.858824
11.482353 131.844429 22.964706
11.535294 133.063010 23.070588
11.588235 134.287197 23.176471
11.641176 135.516990 23.282353
11.694118 136.752388 23.388235
11.747059 137.993391 23.494118
11.800000 139.240000 23.600000
11.852941 140.492215 23.705882
11.905882 141.750035 23.811765
11.958824 143.013460 23.917647
12.011765 144.282491 24.023529
12.064706 145.557128 24.129412
12.117647 146.837370 24.235294
12.170588 148.123218 24.341176
12.223529 149.414671 24.447059
12.276471 150.711730 24.552941
12.329412 152.014394 24.658824
12.382353 153.322664 24.764706
12.435294 154.636540 24.870588
12.488235 155.956021 24.976471
12.541176 157.281107 25.082353
12.594118 158.611799 25.188235
12.647059 159.948097 25.294118
12.700000 161.290000 25.400000
12.752941 162.637509 25.505882
12.805882 163.990623 25.611765
12.858824 165.349343 25.717647
12.911765 166.713668 25.823529
12.964706 168.083599 25.929412
13.017647 169.459135 26.035294
13.070588 170.840277 26.141176
13.123529 172.227024 26.247059
13.176471 173.619377 26.352941
13.229412 175.017336 26.458824
13.282353 176.420900 26.564706
13.335294 177.830069 26.670588
13.388235 179.244844 26.776471
13.441176 180.665225 26.882353
13.494118 182.091211 26.988235
13.547059 183.522803 27.094118
13.600000 184.960000 27.200000
13.652941 186.402803 27.305882
13.705882 187.851211 27.411765
13.758824 189.305225 27.517647
13.811765 190.764844 27.623529
13.864706 192.230069 27.729412
13.917647 193.700900 27.835294
13.970588 195.177336 27.941176
14.023529 196.659377 28.047059
14.076471 198.147024 28.152941
14.129412 199.640277 28.258824
14.182353 201.139135 28.364706
14.235294 202.643599 28.470588
14.288235 204.153668 28.576471
14.341176 205.669343 28.682353
14.394118 207.190623 28.788235
14.447059 208.717509 28.894118
14.500000 210.250000 29.000000
14.552941 211.788097 29.105882
14.605882 213.331799 29.211765
14.658824 214.881107 29.317647
14.711765 216.436021 29.423529
14.764706 217.996540 29.529412
14.817647 219.562664 29.635294
14.870588 221.134394 29.741176
14.923529 222.711730 29.847059
14.976471 224.294671 29.952941
15.029412 225.883218 30.058824
15.082353 227.477370 30.164706
15.135294 229.077128 30.270588
15.188235 230.682491 30.376471
15.241176 232.293460 30.482353
15.294118 233.910035 30.588235
15.347059 235.532215 30.694118
15.400000 237.160000 30.800000
15.452941 238.793391 30.905882
15.505882 240.432388 31.011765
15.558824 242.076990 31.117647
15.611765 243.727197 31.223529
15.664706 245.383010 31.329412
15.717647 247.044429 31.435294
15.770588 248.711453 31.541176
15.823529 250.384083 31.647059
15.876471 252.062318 31.752941
15.929412 253.746159 31.858824
15.982353 255.435606 31.964706
16.035294 257.130657 32.070588
16.088235 258.831315 32.176471
16.141176 260.537578 32.282353
16.194118 262.249446 32.388235
16.247059 263.966920 32.494118
16.300000 265.690000 32.600000
16.352941 267.418685 32.705882
16.405882 269.152976 32.811765
16.458824 270.892872 32.917647
16.511765 272.638374 33.023529
16.564706 274.389481 33.129412
16.617647 276.146194 33.235294
16.670588 277.908512 33.341176
16.723529 279.676436 33.447059
16.776471 281.449965 33.552941
16.829412 283.229100 33.658824
16.882353 285.013841 33.764706
16.935294 286.804187 33.870588
16.988235 288.600138 33.976471
17.041176 290.401696 34.082353
17.094118 292.208858 34.188235
17.147059 294.021626 34.294118
17.200000 295.840000 34.400000
17.252941 297.663979 34.505882
17.305882 299.493564 34.611765
17.358824 301.328754 34.717647
17.411765 303.169550 34.823529
17.464706 305.015952 34.929412
17.517647 306.867958 35.035294
17.570588 308.725571 35.141176
17.623529 310.588789 35.247059
17.676471 312.457612 35.352941
17.729412 314.332042 35.458824
17.782353 316.212076 35.564706
17.835294 318.097716 35.670588
17.888235 319.988962 35.776471
17.941176 321.885813 35.882353
17.994118 323.788270 35.988235
18.047059 325.696332 36.094118
18.100000 327.610000 36.200000
18.152941 329.529273 36.305882
18.205882 331.454152 36.411765
18.258824 333.384637 36.517647
18.311765 335.320727 36.623529
18.364706 337.262422 36.729412
18.417647 339.209723 36.835294
18.470588 341.162630 36.941176
18.523529 343.121142 37.047059
18.576471 345.085260 37.152941
18.629412 347.054983 37.258824
18.682353 349.030311 37.364706
18.735294 351.011246 37.470588
18.788235 352.997785 37.576471
18.841176 354.989931 37.682353
18.894118 356.987682 37.788235
18.947059 358.991038 37.894118
19.000000 361.000000 38.000000
19.052941 363.014567 38.105882
19.105882 365.034740 38.211765
19.158824 367.060519 38.317647
19.211765 369.091903 38.423529
19.264706 371.128893 38.529412
19.317647 373.171488 38.635294
19.370588 375.219689 38.741176
19.423529 377.273495 38.847059
19.476471 379.332907 38.952941
19.529412 381.397924 39.058824
19.582353 383.468547 39.164706
19.635294 385.544775 39.270588
19.688235 387.626609 39.376471
19.741176 389.714048 39.482353
19.794118 391.807093 39.588235
19.847059 393.905744 39.694118
19.900000 396.010000 39.800000
19.952941 398.119862 39.905882
20.005882 400.235329 40.011765
20.058824 402.356401 40.117647
20.111765 404.483080 40.223529
20.164706 406.615363 40.329412
20.217647 408.753253 40.435294
20.270588 410.896747 40.541176
20.323529 413.045848 40.647059
20.376471 415.200554 40.752941
20.429412 417.360865 40.858824
20.482353 419.526782 40.964706
20.535294 421.698304 41.070588
20.588235 423.875433 41.176471
20.641176 426.058166 41.282353
20.694118 428.246505 41.388235
20.747059 430.440450 41.494118
20.800000 432.640000 41.600000
20.852941 434.845156 41.705882
20.905882 437.055917 41.811765
20.958824 439.272284 41.917647
21.011765 441.494256 42.023529
21.064706 443.721834 42.129412
21.117647 445.955017 42.235294
21.170588 448.193806 42.341176
21.223529 450.438201 42.447059
21.276471 452.688201 42.552941
21.329412 454.943806 42.658824
21.382353 457.205017 42.764706
21.435294 459.471834 42.870588
21.488235 461.744256 42.976471
21.541176 464.022284 43.082353
21.594118 466.305917 43.188235
21.647059 468.595156 43.294118
21.700000 470.890000 43.400000
21.752941 473.190450 43.505882
21.805882 475.496505 43.611765
21.858824 477.808166 43.717647
21.911765 480.125433 43.823529
21.964706 482.448304 43.929412
22.017647 484.776782 44.035294
22.070588 487.110865 44.141176
22.123529 489.450554 44.247059
22.176471 491.795848 44.352941
22.229412 494.146747 44.458824
22.282353 496.503253 44.564706
22.335294 498.865363 44.670588
22.388235 501.233080 44.776471
22.441176 503.606401 44.882353
22.494118 505.985329 44.988235
22.547059 508.369862 45.094118
22.600000 510.760000 45.200000
22.652941 513.155744 45.305882
22.705882 515.557093 45.411765
22.758824 517.964048 45.517647
22.811765 520.376609 45.623529
22.864706 522.794775 45.729412
22.917647 525.218547 45.835294
22.970588 527.647924 45.941176
23.023529 530.082907 46.047059
23.076471 532.523495 46.152941
23.129412 534.969689 46.258824
23.182353 537.421488 46.364706
23.235294 539.878893 46.470588
23.288235 542.341903 46.576471
23.341176 544.810519 46.682353
23.394118 547.284740 46.788235
23.447059 549.764567 46.894118
23.500000 552.250000 47.000000
23.552941 554.741038 47.105882
23.605882 557.237682 47.211765
23.658824 559.739931 47.317647
23.711765 562.247785 47.423529
23.764706 564.761246 47.529412
23.817647 567.280311 47.635294
23.870588 569.804983 47.741176
23.923529 572.335260 47.847059
23.976471 574.871142 47.952941
24.029412 577.412630 48.058824
24.082353 579.959723 48.164706
24.135294 582.512422 48.270588
24.188235 585.070727 48.376471
24.241176 587.634637 48.482353
24.294118 590.204152 48.588235
24.347059 592.779273 48.694118
24.400000 595.360000 48.800000
24.452941 597.946332 48.905882
24.505882 600.538270 49.011765
24.558824 603.135813 49.117647
24.611765 605.738962 49.223529
24.664706 608.347716 49.329412
24.717647 610.962076 49.435294
24.770588 613.582042 49.541176
24.823529 616.207612 49.647059
24.876471 618.838789 49.752941
24.929412 621.475571 49.858824
24.982353 624.117958 49.964706
25.035294 626.765952 50.070588
25.088235 629.419550 50.176471
25.141176 632.078754 50.282353
25.194118 634.743564 50.388235
25.247059 637.413979 50.494118
25.300000 640.090000 50.600000
25.352941 642.771626 50.705882
25.405882 645.458858 50.811765
25.458824 648.151696 50.917647
25.511765 650.850138 51.023529
25.564706 653.554187 51.129412
25.617647 656.263841 51.235294
25.670588 658.979100 51.341176
25.723529 661.699965 51.447059
25.776471 664.426436 51.552941
25.829412 667.158512 51.658824
25.882353 669.896194 51.764706
25.935294 672.639481 51.870588
25.988235 675.388374 51.976471
26.041176 678.142872 52.082353
26.094118 680.902976 52.188235
26.147059 683.668685 52.294118
26.200000 686.440000 52.400000
26.252941 689.216920 52.505882
26.305882 691.999446 52.611765
26.358824 694.787578 52.717647
26.411765 697.581315 52.823529
26.464706 700.380657 52.929412
26.517647 703.185606 53.035294
26.570588 705.996159 53.141176
26.623529 708.812318 53.247059
26.676471 711.634083 53.352941
26.729412 714.461453 53.458824
26.782353 717.294429 53.564706
26.835294 720.133010 53.670588
26.888235 722.977197 53.776471
26.941176 725.826990 53.882353
26.994118 728.682388 53.988235
27.047059 731.543391 54.094118
27.100000 734.410000 54.200000
27.152941 737.282215 54.305882
27.205882 740.160035 54.411765
27.258824 743.043460 54.517647
27.311765 745.932491 54.623529
27.364706 748.827128 54.729412
27.417647 751.727370 54.835294
27.470588 754.633218 54.941176
27.523529 757.544671 55.047059
27.576471 760.461730 55.152941
27.629412 763.384394 55.258824
27.682353 766.312664 55.364706
27.735294 769.246540 55.470588
27.788235 772.186021 55.576471
27.841176 775.131107 55.682353
27.894118 778.081799 55.788235
27.947059 781.038097 55.894118
28.000000 784.000000 56.000000
28.052941 786.967509 56.105882
28.105882 789.940623 56.211765
28.158824 792.919343 56.317647
28.211765 795.903668 56.423529
28.264706 798.893599 56.529412
28.317647 801.889135 56.635294
28.370588 804.890277 56.741176
28.423529 807.897024 56.847059
28.476471 810.909377 56.952941
28.529412 813.927336 57.058824
28.582353 816.950900 57.164706
28.635294 819.980069 57.270588
28.688235 823.014844 57.376471
28.741176 826.055225 57.482353
28.794118 829.101211 57.588235
28.847059 832.152803 57.694118
28.900000 835.210000 57.800000
28.952941 838.272803 57.905882
29.005882 841.341211 58.011765
29.058824 844.415225 58.117647
29.111765 847.494844 58.223529
29.164706 850.580069 58.329412
29.217647 853.670900 58.435294
29.270588 856.767336 58.541176
29.323529 859.869377 58.647059
29.376471 862.977024 58.752941
29.429412 866.090277 58.858824
29.482353 869.209135 58.964706
29.535294 872.333599 59.070588
29.588235 875.463668 59.176471
29.641176 878.599343 59.282353
29.694118 881.740623 59.388235
29.747059 884.887509 59.494118
29.800000 888.040000 59.600000
29.852941 891.198097 59.705882
29.905882 894.361799 59.811765
29.958824 897.531107 59.917647
30.011765 900.706021 60.023529
30.064706 903.886540 60.129412
30.117647 907.072664 60.235294
30.170588 910.264394 60.341176
30.223529 913.461730 60.447059
30.276471 916.664671 60.552941
30.329412 919.873218 60.658824
30.382353 923.087370 60.764706
30.435294 926.307128 60.870588
30.488235 929.532491 60.976471
30.541176 932.763460 61.082353
30.594118 936.000035 61.188235
30.647059 939.242215 61.294118
30.700000 942.490000 61.400000
30.752941 945.743391 61.505882
30.805882 949.002388 61.611765
30.858824 952.266990 61.717647
30.911765 955.537197 61.823529
30.964706 958.813010 61.929412
31.017647 962.094429 62.035294
31.070588 965.381453 62.141176
31.123529 968.674083 62.247059
31.176471 971.972318 62.352941
31.229412 975.276159 62.458824
31.282353 978.585606 62.564706
31.335294 981.900657 62.670588
31.388235 985.221315 62.776471
31.441176 988.547578 62.882353
31.494118 991.879446 62.988235
31.547059 995.216920 63.094118
31.600000 998.560000 63.200000
31.652941 1001.908685 63.305882
31.705882 1005.262976 63.411765
31.758824 1008.622872 63.517647
31.811765 1011.988374 63.623529
31.864706 1015.359481 63.729412
31.917647 1018.736194 63.835294
31.970588 1022.118512 63.941176
32.023529 1025.506436 64.047059
32.076471 1028.899965 64.152941
32.129412 1032.299100 64.258824
32.182353 1035.703841 64.364706
32.235294 1039.114187 64.470588
32.288235 1042.530138 64.576471
32.341176 1045.951696 64.682353
32.394118 1049.378858 64.788235
32.447059 1052.811626 64.894118
32.500000 1056.250000 65.000000
32.552941 1059.693979 65.105882
32.605882 1063.143564 65.211765
32.658824 1066.598754 65.317647
32.711765 1070.059550 65.423529
32.764706 1073.525952 65.529412
32.817647 1076.997958 65.635294
32.870588 1080.475571 65.741176
32.923529 1083.958789 65.847059
32.976471 1087.447612 65.952941
33.029412 1090.942042 66.058824
33.082353 1094.442076 66.164706
33.135294 1097.947716 66.270588
33.188235 1101.458962 66.376471
33.241176 1104.975813 66.482353
33.294118 1108.498270 66.588235
33.347059 1112.026332 66.694118
33.400000 1115.560000 66.800000
33.452941 1119.099273 66.905882
33.505882 1122.644152 67.011765
33.558824 1126.194637 67.117647
33.611765 1129.750727 67.223529
33.664706 1133.312422 67.329412
33.717647 1136.879723 67.435294
33.770588 1140.452630 67.541176
33.823529 1144.031142 67.647059
33.876471 1147.615260 67.752941
33.929412 1151.204983 67.858824
33.982353 1154.800311 67.964706
34.035294 1158.401246 68.070588
34.088235 1162.007785 68.176471
34.141176 1165.619931 68.282353
34.194118 1169.237682 68.388235
34.247059 1172.861038 68.494118
34.300000 1176.490000 68.600000
34.352941 1180.124567 68.705882
34.405882 1183.764740 68.811765
34.458824 1187.410519 68.917647
34.511765 1191.061903 69.023529
34.564706 1194.718893 69.129412
34.617647 1198.381488 69.235294
34.670588 1202.049689 69.341176
34.723529 1205.723495 69.447059
34.776471 1209.402907 69.552941
34.829412 1213.087924 69.658824
34.882353 1216.778547 69.764706
34.935294 1220.474775 69.870588
34.988235 1224.176609 69.976471
35.041176 1227.884048 70.082353
35.094118 1231.597093 70.188235
35.147059 1235.315744 70.294118
35.200000 1239.040000 70.400000
35.252941 1242.769862 70.505882
35.305882 1246.505329 70.611765
35.358824 1250.246401 70.717647
35.411765 1253.993080 70.823529
35.464706 1257.745363 70.929412
35.517647 1261.503253 71.035294
35.570588 1265.266747 71.141176
35.623529 1269.035848 71.247059
35.676471 1272.810554 71.352941
35.729412 1276.590865 71.458824
35.782353 1280.376782 71.564706
35.835294 1284.168304 71.670588
35.888235 1287.965433 71.776471
35.941176 1291.768166 71.882353
35.994118 1295.576505 71.988235
36.047059 1299.390450 72.094118
36.100000 1303.210000 72.200000
36.152941 1307.035156 72.305882
36.205882 1310.865917 72.411765
36.258824 1314.702284 72.517647
36.311765 1318.544256 72.623529
36.364706 1322.391834 72.729412
36.417647 1326.245017 72.835294
36.470588 1330.103806 72.941176
36.523529 1333.968201 73.047059
36.576471 1337.838201 73.152941
36.629412 1341.713806 73.258824
36.682353 1345.595017 73.364706
36.735294 1349.481834 73.470588
36.788235 1353.374256 73.576471
36.841176 1357.272284 73.682353
36.894118 1361.175917 73.788235
36.947059 1365.085156 73.894118
37.000000 1369.000000 74.000000
37.052941 1372.920450 74.105882
37.105882 1376.846505 74.211765
37.158824 1380.778166 74.317647
37.211765 1384.715433 74.423529
37.264706 1388.658304 74.529412
37.317647 1392.606782 74.635294
37.370588 1396.560865 74.741176
37.423529 1400.520554 74.847059
37.476471 1404.485848 74.952941
37.529412 1408.456747 75.058824
37.582353 1412.433253 75.164706
37.635294 1416.415363 75.270588
37.688235 1420.403080 75.376471
37.741176 1424.396401 75.482353
37.794118 1428.395329 75.588235
37.847059 1432.399862 75.694118
37.900000 1436.410000 75.800000
37.952941 1440.425744 75.905882
38.005882 1444.447093 76.011765
38.058824 1448.474048 76.117647
38.111765 1452.506609 76.223529
38.164706 1456.544775 76.329412
38.217647 1460.588547 76.435294
38.270588 1464.637924 76.541176
38.323529 1468.692907 76.647059
38.376471 1472.753495 76.752941
38.429412 1476.819689 76.858824
38.482353 1480.891488 76.964706
38.535294 1484.968893 77.070588
38.588235 1489.051903 77.176471
38.641176 1493.140519 77.282353
38.694118 1497.234740 77.388235
38.747059 1501.334567 77.494118
38.800000 1505.440000 77.600000
38.852941 1509.551038 77.705882
38.905882 1513.667682 77.811765
38.958824 1517.789931 77.917647
39.011765 1521.917785 78.023529
39.064706 1526.051246 78.129412
39.117647 1530.190311 78.235294
39.170588 1534.334983 78.341176
39.223529 1538.485260 78.447059
39.276471 1542.641142 78.552941
39.329412 1546.802630 78.658824
39.382353 1550.969723 78.764706
39.435294 1555.142422 78.870588
39.488235 1559.320727 78.976471
39.541176 1563.504637 79.082353
39.594118 1567.694152 79.188235
39.647059 1571.889273 79.294118
39.700000 1576.090000 79.400000
39.752941 1580.296332 79.505882
39.805882 1584.508270 79.611765
39.858824 1588.725813 79.717647
39.911765 1592.948962 79.823529
39.964706 1597.177716 79.929412
40.017647 1601.412076 80.035294
40.070588 1605.652042 80.141176
40.123529 1609.897612 80.247059
40.176471 1614.148789 80.352941
40.229412 1618.405571 80.458824
40.282353 1622.667958 80.564706
40.335294 1626.935952 80.670588
40.388235 1631.209550 80.776471
40.441176 1635.488754 80.882353
40.494118 1639.773564 80.988235
40.547059 1644.063979 81.094118
40.600000 1648.360000 81.200000
40.652941 1652.661626 81.305882
40.705882 1656.968858 81.411765
40.758824 1661.281696 81.517647
40.811765 1665.600138 81.623529
40.864706 1669.924187 81.729412
40.917647 1674.253841 81.835294
40.970588 1678.589100 81.941176
41.023529 1682.929965 82.047059
41.076471 1687.276436 82.152941
41.129412 1691.628512 82.258824
41.182353 1695.986194 82.364706
41.235294 1700.349481 82.470588
41.288235 1704.718374 82.576471
41.341176 1709.092872 82.682353
41.394118 1713.472976 82.788235
41.447059 1717.858685 82.894118
41.500000 1722.250000 83.000000
41.552941 1726.646920 83.105882
41.605882 1731.049446 83.211765
41.658824 1735.457578 83.317647
41.711765 1739.871315 83.423529
41.764706 1744.290657 83.529412
41.817647 1748.715606 83.635294
41.870588 1753.146159 83.741176
41.923529 1757.582318 83.847059
41.976471 1762.024083 83.952941
42.029412 1766.471453 84.058824
42.082353 1770.924429 84.164706
42.135294 1775.383010 84.270588
42.188235 1779.847197 84.376471
42.241176 1784.316990 84.482353
42.294118 1788.792388 84.588235
42.347059 1793.273391 84.694118
42.400000 1797.760000 84.800000
42.452941 1802.252215 84.905882
42.505882 1806.750035 85.011765
42.558824 1811.253460 85.117647
42.611765 1815.762491 85.223529
42.664706 1820.277128 85.329412
42.717647 1824.797370 85.435294
42.770588 1829.323218 85.541176
42.823529 1833.854671 85.647059
42.876471 1838.391730 85.752941
42.929412 1842.934394 85.858824
42.982353 1847.482664 85.964706
43.035294 1852.036540 86.070588
43.088235 1856.596021 86.176471
43.141176 1861.161107 86.282353
43.194118 1865.731799 86.388235
43.247059 1870.308097 86.494118
43.300000 1874.890000 86.600000
43.352941 1879.477509 86.705882
43.405882 1884.070623 86.811765
43.458824 1888.669343 86.917647
43.511765 1893.273668 87.023529
43.564706 1897.883599 87.129412
43.617647 1902.499135 87.235294
43.670588 1907.120277 87.341176
43.723529 1911.747024 87.447059
43.776471 1916.379377 87.552941
43.829412 1921.017336 87.658824
43.882353 1925.660900 87.764706
43.935294 1930.310069 87.870588
43.988235 1934.964844 87.976471
44.041176 1939.625225 88.082353
44.094118 1944.291211 88.188235
44.147059 1948.962803 88.294118
44.200000 1953.640000 88.400000
44.252941 1958.322803 88.505882
44.305882 1963.011211 88.611765
44.358824 1967.705225 88.717647
44.411765 1972.404844 88.823529
44.464706 1977.110069 88.929412
44.517647 1981.820900 89.035294
44.570588 1986.537336 89.141176
44.623529 1991.259377 89.247059
44.676471 1995.987024 89.352941
44.729412 2000.720277 89.458824
44.782353 2005.459135 89.564706
44.835294 2010.203599 89.670588
44.888235 2014.953668 89.776471
44.941176 2019.709343 89.882353
44.994118 2024.470623 89.988235
45.047059 2029.237509 90.094118
45.100000 2034.010000 90.200000
45.152941 2038.788097 90.305882
45.205882 2043.571799 90.411765
45.258824 2048.361107 90.517647
45.311765 2053.156021 90.623529
45.364706 2057.956540 90.729412
45.417647 2062.762664 90.835294
45.470588 2067.574394 90.941176
45.523529 2072.391730 91.047059
45.576471 2077.214671 91.152941
45.629412 2082.043218 91.258824
45.682353 2086.877370 91.364706
45.735294 2091.717128 91.470588
45.788235 2096.562491 91.576471
45.841176 2101.413460 91.682353
45.894118 2106.270035 91.788235
45.947059 2111.132215 91.894118
46.000000 2116.000000 92.000000
46.052941 2120.873391 92.105882
46.105882 2125.752388 92.211765
46.158824 2130.636990 92.317647
46.211765 2135.527197 92.423529
46.264706 2140.423010 92.529412
46.317647 2145.324429 92.635294
46.370588 2150.231453 92.741176
46.423529 2155.144083 92.847059
46.476471 2160.062318 92.952941
46.529412 2164.986159 93.058824
46.582353 2169.915606 93.164706
46.635294 2174.850657 93.270588
46.688235 2179.791315 93.376471
46.741176 2184.737578 93.482353
46.794118 2189.689446 93.588235
46.847059 2194.646920 93.694118
46.900000 2199.610000 93.800000
46.952941 2204.578685 93.905882
47.005882 2209.552976 94.011765
47.058824 2214.532872 94.117647
47.111765 2219.518374 94.223529
47.164706 2224.509481 94.329412
47.217647 2229.506194 94.435294
47.270588 2234.508512 94.541176
47.323529 2239.516436 94.647059
47.376471 2244.529965 94.752941
47.429412 2249.549100 94.858824
47.482353 2254.573841 94.964706
47.535294 2259.604187 95.070588
47.588235 2264.640138 95.176471
47.641176 2269.681696 95.282353
47.694118 2274.728858 95.388235
47.747059 2279.781626 95.494118
47.800000 2284.840000 95.600000
47.852941 2289.903979 95.705882
47.905882 2294.973564 95.811765
47.958824 2300.048754 95.917647
48.011765 2305.129550 96.023529
48.064706 2310.215952 96.129412
48.117647 2315.307958 96.235294
48.170588 2320.405571 96.341176
48.223529 2325.508789 96.447059
48.276471 2330.617612 96.552941
48.329412 2335.732042 96.658824
48.382353 2340.852076 96.764706
48.435294 2345.977716 96.870588
48.488235 2351.108962 96.976471
48.541176 2356.245813 97.082353
48.594118 2361.388270 97.188235
48.647059 2366.536332 97.294118
48.700000 2371.690000 97.400000
48.752941 2376.849273 97.505882
48.805882 2382.014152 97.611765
48.858824 2387.184637 97.717647
48.911765 2392.360727 97.823529
48.964706 2397.542422 97.929412
49.017647 2402.729723 98.035294
49.070588 2407.922630 98.141176
49.123529 2413.121142 98.247059
49.176471 2418.325260 98.352941
49.229412 2423.534983 98.458824
49.282353 2428.750311 98.564706
49.335294 2433.971246 98.670588
49.388235 2439.197785 98.776471
49.441176 2444.429931 98.882353
49.494118 2449.667682 98.988235
49.547059 2454.911038 99.094118
49.600000 2460.160000 99.200000
49.652941 2465.414567 99.305882
49.705882 2470.674740 99.411765
49.758824 2475.940519 99.517647
49.811765 2481.211903 99.623529
49.864706 2486.488893 99.729412
49.917647 2491.771488 99.835294
49.970588 2497.059689 99.941176
50.023529 2502.353495 100.047059
50.076471 2507.652907 100.152941
50.129412 2512.957924 100.258824
50.182353 2518.268547 100.364706
50.235294 2523.584775 100.470588
50.288235 2528.906609 100.576471
50.341176 2534.234048 100.682353
50.394118 2539.567093 100.788235
50.447059 2544.905744 100.894118
50.500000 2550.250000 101.000000
50.552941 2555.599862 101.105882
50.605882 2560.955329 101.211765
50.658824 2566.316401 101.317647
50.711765 2571.683080 101.423529
50.764706 2577.055363 101.529412
50.817647 2582.433253 101.635294
50.870588 2587.816747 101.741176
50.923529 2593.205848 101.847059
50.976471 2598.600554 101.952941
51.029412 2604.000865 102.058824
51.082353 2609.406782 102.164706
51.135294 2614.818304 102.270588
51.188235 2620.235433 102.376471
51.241176 2625.658166 102.482353
51.294118 2631.086505 102.588235
51.347059 2636.520450 102.694118
51.400000 2641.960000 102.800000
51.452941 2647.405156 102.905882
51.505882 2652.855917 103.011765
51.558824 2658.312284 103.117647
51.611765 2663.774256 103.223529
51.664706 2669.241834 103.329412
51.717647 2674.715017 103.435294
51.770588 2680.193806 103.541176
51.823529 2685.678201 103.647059
51.876471 2691.168201 103.752941
51.929412 2696.663806 103.858824
51.982353 2702.165017 103.964706
52.035294 2707.671834 104.070588
52.088235 2713.184256 104.176471
52.141176 2718.702284 104.282353
52.194118 2724.225917 104.388235
52.247059 2729.755156 104.494118
52.300000 2735.290000 104.600000
52.352941 2740.830450 104.705882
52.405882 2746.376505 104.811765
52.458824 2751.928166 104.917647
52.511765 2757.485433 105.023529
52.564706 2763.048304 105.129412
52.617647 2768.616782 105.235294
52.670588 2774.190865 105.341176
52.723529 2779.770554 105.447059
52.776471 2785.355848 105.552941
52.829412 2790.946747 105.658824
52.882353 2796.543253 105.764706
52.935294 2802.145363 105.870588
52.988235 2807.753080 105.976471
53.041176 2813.366401 106.082353
53.094118 2818.985329 106.188235
53.147059 2824.609862 106.294118
53.200000 2830.240000 106.400000
53.252941 2835.875744 106.505882
53.305882 2841.517093 106.611765
53.358824 2847.164048 106.717647
53.411765 2852.816609 106.823529
53.464706 2858.474775 106.929412
53.517647 2864.138547 107.035294
53.570588 2869.807924 107.141176
53.623529 2875.482907 107.247059
53.676471 2881.163495 107.352941
53.729412 2886.849689 107.458824
53.782353 2892.541488 107.564706
53.835294 2898.238893 107.670588
53.888235 2903.941903 107.776471
53.941176 2909.650519 107.882353
53.994118 2915.364740 107.988235
54.047059 2921.084567 108.094118
54.100000 2926.810000 108.200000
54.152941 2932.541038 108.305882
54.205882 2938.277682 108.411765
54.258824 2944.019931 108.517647
54.311765 2949.767785 108.623529
54.364706 2955.521246 108.729412
54.417647 2961.280311 108.835294
54.470588 2967.044983 108.941176
54.523529 2972.815260 109.047059
54.576471 2978.591142 109.152941
54.629412 2984.372630 109.258824
54.682353 2990.159723 109.364706
54.735294 2995.952422 109.470588
54.788235 3001.750727 109.576471
54.841176 3007.554637 109.682353
54.894118 3013.364152 109.788235
54.947059 3019.179273 109.894118
55.000000 3025.000000 110.000000
55.052941 3030.826332 110.105882
55.105882 3036.658270 110.211765
55.158824 3042.495813 110.317647
55.211765 3048.338962 110.423529
55.264706 3054.187716 110.529412
55.317647 3060.042076 110.635294
55.370588 3065.902042 110.741176
55.423529 3071.767612 110.847059
55.476471 3077.638789 110.952941
55.529412 3083.515571 111.058824
55.582353 3089.397958 111.164706
55.635294 3095.285952 111.270588
55.688235 3101.179550 111.376471
55.741176 3107.078754 111.482353
55.794118 3112.983564 111.588235
55.847059 3118.893979 111.694118
55.900000 3124.810000 111.800000
55.952941 3130.731626 111.905882
56.005882 3136.658858 112.011765
56.058824 3142.591696 112.117647
56.111765 3148.530138 112.223529
56.164706 3154.474187 112.329412
56.217647 3160.423841 112.435294
56.270588 3166.379100 112.541176
56.323529 3172.339965 112.647059
56.376471 3178.306436 112.752941
56.429412 3184.278512 112.858824
56.482353 3190.256194 112.964706
56.535294 3196.239481 113.070588
56.588235 3202.228374 113.176471
56.641176 3208.222872 113.282353
56.694118 3214.222976 113.388235
56.747059 3220.228685 113.494118
56.800000 3226.240000 113.600000
56.852941 3232.256920 113.705882
56.905882 3238.279446 113.811765
56.958824 3244.307578 113.917647
57.011765 3250.341315 114.023529
57.064706 3256.380657 114.129412
57.117647 3262.425606 114.235294
57.170588 3268.476159 114.341176
57.223529 3274.532318 114.447059
57.276471 3280.594083 114.552941
57.329412 3286.661453 114.658824
57.382353 3292.734429 114.764706
57.435294 3298.813010 114.870588
57.488235 3304.897197 114.976471
57.541176 3310.986990 115.082353
57.594118 3317.082388 115.188235
57.647059 3323.183391 115.294118
57.700000 3329.290000 115.400000
57.752941 3335.402215 115.505882
57.805882 3341.520035 115.611765
57.858824 3347.643460 115.717647
57.911765 3353.772491 115.823529
57.964706 3359.907128 115.929412
58.017647 3366.047370 116.035294
58.070588 3372.193218 116.141176
58.123529 3378.344671 116.247059
58.176471 3384.501730 116.352941
58.229412 3390.664394 116.458824
58.282353 3396.832664 116.564706
58.335294 3403.006540 116.670588
58.388235 3409.186021 116.776471
58.441176 3415.371107 116.882353
58.494118 3421.561799 116.988235
58.547059 3427.758097 117.094118
58.600000 3433.960000 117.200000
58.652941 3440.167509 117.305882
58.705882 3446.380623 117.411765
58.758824 3452.599343 117.517647
58.811765 3458.823668 117.623529
58.864706 3465.053599 117.729412
58.917647 3471.289135 117.835294
58.970588 3477.530277 117.941176
59.023529 3483.777024 118.047059
59.076471 3490.029377 118.152941
59.129412 3496.287336 118.258824
59.182353 3502.550900 118.364706
59.235294 3508.820069 118.470588
59.288235 3515.094844 118.576471
59.341176 3521.375225 118.682353
59.394118 3527.661211 118.788235
59.447059 3533.952803 118.894118
59.500000 3540.250000 119.000000
59.552941 3546.552803 119.105882
59.605882 3552.861211 119.211765
59.658824 3559.175225 119.317647
59.711765 3565.494844 119.423529
59.764706 3571.820069 119.529412
59.817647 3578.150900 119.635294
59.870588 3584.487336 119.741176
59.923529 3590.829377 119.847059
59.976471 3597.177024 119.952941
60.029412 3603.530277 120.058824
60.082353 3609.889135 120.164706
60.135294 3616.253599 120.270588
60.188235 3622.623668 120.376471
60.241176 3628.999343 120.482353
60.294118 3635.380623 120.588235
60.347059 3641.767509 120.694118
60.400000 3648.160000 120.800000
60.452941 3654.558097 120.905882
60.505882 3660.961799 121.011765
60.558824 3667.371107 121.117647
60.611765 3673.786021 121.223529
60.664706 3680.206540 121.329412
60.717647 3686.632664 121.435294
60.770588 3693.064394 121.541176
60.823529 3699.501730 121.647059
60.876471 3705.944671 121.752941
60.929412 3712.393218 121.858824
60.982353 3718.847370 121.964706
61.035294 3725.307128 122.070588
61.088235 3731.772491 122.176471
61.141176 3738.243460 122.282353
61.194118 3744.720035 122.388235
61.247059 3751.202215 122.494118
61.300000 3757.690000 122.600000
61.352941 3764.183391 122.705882
61.405882 3770.682388 122.811765
61.458824 3777.186990 122.917647
61.511765 3783.697197 123.023529
61.564706 3790.213010 123.129412
61.617647 3796.734429 123.235294
61.670588 3803.261453 123.341176
61.723529 3809.794083 123.447059
61.776471 3816.332318 123.552941
61.829412 3822.876159 123.658824
61.882353 3829.425606 123.764706
61.935294 3835.980657 123.870588
61.988235 3842.541315 123.976471
62.041176 3849.107578 124.082353
62.094118 3855.679446 124.188235
62.147059 3862.256920 124.294118
62.200000 3868.840000 124.400000
62.252941 3875.428685 124.505882
62.305882 3882.022976 124.611765
62.358824 3888.622872 124.717647
62.411765 3895.228374 124.823529
62.464706 3901.839481 124.929412
62.517647 3908.456194 125.035294
62.570588 3915.078512 125.141176
62.623529 3921.706436 125.247059
62.676471 3928.339965 125.352941
62.729412 3934.979100 125.458824
62.782353 3941.623841 125.564706
62.835294 3948.274187 125.670588
62.888235 3954.930138 125.776471
62.941176 3961.591696 125.882353
62.994118 3968.258858 125.988235
63.047059 3974.931626 126.094118
63.100000 3981.610000 126.200000
63.152941 3988.293979 126.305882
63.205882 3994.983564 126.411765
63.258824 4001.678754 126.517647
63.311765 4008.379550 126.623529
63.364706 4015.085952 126.729412
63.417647 4021.797958 126.835294
63.470588 4028.515571 126.941176
63.523529 4035.238789 127.047059
63.576471 4041.967612 127.152941
63.629412 4048.702042 127.258824
63.682353 4055.442076 127.364706
63.735294 4062.187716 127.470588
63.788235 4068.938962 127.576471
63.841176 4075.695813 127.682353
63.894118 4082.458270 127.788235
63.947059 4089.226332 127.894118
64.000000 4096.000000 128.000000
64.052941 4102.779273 128.105882
64.105882 4109.564152 128.211765
64.158824 4116.354637 128.317647
64.211765 4123.150727 128.423529
64.264706 4129.952422 128.529412
64.317647 4136.759723 128.635294
64.370588 4143.572630 128.741176
64.423529 4150.391142 128.847059
64.476471 4157.215260 128.952941
64.529412 4164.044983 129.058824
64.582353 4170.880311 129.164706
64.635294 4177.721246 129.270588
64.688235 4184.567785 129.376471
64.741176 4191.419931 129.482353
64.794118 4198.277682 129.588235
64.847059 4205.141038 129.694118
64.900000 4212.010000 129.800000
64.952941 4218.884567 129.905882
65.005882 4225.764740 130.011765
65.058824 4232.650519 130.117647
65.111765 4239.541903 130.223529
65.164706 4246.438893 130.329412
65.217647 4253.341488 130.435294
65.270588 4260.249689 130.541176
65.323529 4267.163495 130.647059
65.376471 4274.082907 130.752941
65.429412 4281.007924 130.858824
65.482353 4287.938547 130.964706
65.535294 4294.874775 131.070588
65.588235 4301.816609 131.176471
65.641176 4308.764048 131.282353
65.694118 4315.717093 131.388235
65.747059 4322.675744 131.494118
65.800000 4329.640000 131.600000
65.852941 4336.609862 131.705882
65.905882 4343.585329 131.811765
65.958824 4350.566401 131.917647
66.011765 4357.553080 132.023529
66.064706 4364.545363 132.129412
66.117647 4371.543253 132.235294
66.170588 4378.546747 132.341176
66.223529 4385.555848 132.447059
66.276471 4392.570554 132.552941
66.329412 4399.590865 132.658824
66.382353 4406.616782 132.764706
66.435294 4413.648304 132.870588
66.488235 4420.685433 132.976471
66.541176 4427.728166 133.082353
66.594118 4434.776505 133.188235
66.647059 4441.830450 133.294118
66.700000 4448.890000 133.400000
66.752941 4455.955156 133.505882
66.805882 4463.025917 133.611765
66.858824 4470.102284 133.717647
66.911765 4477.184256 133.823529
66.964706 4484.271834 133.929412
67.017647 4491.365017 134.035294
67.070588 4498.463806 134.141176
67.123529 4505.568201 134.247059
67.176471 4512.678201 134.352941
67.229412 4519.793806 134.458824
67.282353 4526.915017 134.564706
67.335294 4534.041834 134.670588
67.388235 4541.174256 134.776471
67.441176 4548.312284 134.882353
67.494118 4555.455917 134.988235
67.547059 4562.605156 135.094118
67.600000 4569.760000 135.200000
67.652941 4576.920450 135.305882
67.705882 4584.086505 135.411765
67.758824 4591.258166 135.517647
67.811765 4598.435433 135.623529
67.864706 4605.618304 135.729412
67.917647 4612.806782 135.835294
67.970588 4620.000865 135.941176
68.023529 4627.200554 136.047059
68.076471 4634.405848 136.152941
68.129412 4641.616747 136.258824
68.182353 4648.833253 136.364706
68.235294 4656.055363 136.470588
68.288235 4663.283080 136.576471
68.341176 4670.516401 136.682353
68.394118 4677.755329 136.788235
68.447059 4684.999862 136.894118
68.500000 4692.250000 137.000000
68.552941 4699.505744 137.105882
68.605882 4706.767093 137.211765
68.658824 4714.034048 137.317647
68.711765 4721.306609 137.423529
68.764706 4728.584775 137.529412
68.817647 4735.868547 137.635294
68.870588 4743.157924 137.741176
68.923529 4750.452907 137.847059
68.976471 4757.753495 137.952941
69.029412 4765.059689 138.058824
69.082353 4772.371488 138.164706
69.135294 4779.688893 138.270588
69.188235 4787.011903 138.376471
69.241176 4794.340519 138.482353
69.294118 4801.674740 138.588235
69.347059 4809.014567 138.694118
69.400000 4816.360000 138.800000
69.452941 4823.711038 138.905882
69.505882 4831.067682 139.011765
69.558824 4838.429931 139.117647
69.611765 4845.797785 139.223529
69.664706 4853.171246 139.329412
69.717647 4860.550311 139.435294
69.770588 4867.934983 139.541176
69.823529 4875.325260 139.647059
69.876471 4882.721142 139.752941
69.929412 4890.122630 139.858824
69.982353 4897.529723 139.964706
70.035294 4904.942422 140.070588
70.088235 4912.360727 140.176471
70.141176 4919.784637 140.282353
70.194118 4927.214152 140.388235
70.247059 4934.649273 140.494118
70.300000 4942.090000 140.600000
70.352941 4949.536332 140.705882
70.405882 4956.988270 140.811765
70.458824 4964.445813 140.917647
70.511765 4971.908962 141.023529
70.564706 4979.377716 141.129412
70.617647 4986.852076 141.235294
70.670588 4994.332042 141.341176
70.723529 5001.817612 141.447059
70.776471 5009.308789 141.552941
70.829412 5016.805571 141.658824
70.882353 5024.307958 141.764706
70.935294 5031.815952 141.870588
70.988235 5039.329550 141.976471
71.041176 5046.848754 142.082353
71.094118 5054.373564 142.188235
71.147059 5061.903979 142.294118
71.200000 5069.440000 142.400000
71.252941 5076.981626 142.505882
71.305882 5084.528858 142.611765
71.358824 5092.081696 142.717647
71.411765 5099.640138 142.823529
71.464706 5107.204187 142.929412
71.517647 5114.773841 143.035294
71.570588 5122.349100 143.141176
71.623529 5129.929965 143.247059
71.676471 5137.516436 143.352941
71.729412 5145.108512 143.458824
71.782353 5152.706194 143.564706
71.835294 5160.309481 143.670588
71.888235 5167.918374 143.776471
71.941176 5175.532872 143.882353
71.994118 5183.152976 143.988235
72.047059 5190.778685 144.094118
72.100000 5198.410000 144.200000
72.152941 5206.046920 144.305882
72.205882 5213.689446 144.411765
72.258824 5221.337578 144.517647
72.311765 5228.991315 144.623529
72.364706 5236.650657 144.729412
72.417647 5244.315606 144.835294
72.470588 5251.986159 144.941176
72.523529 5259.662318 145.047059
72.576471 5267.344083 145.152941
72.629412 5275.031453 145.258824
72.682353 5282.724429 145.364706
72.735294 5290.423010 145.470588
72.788235 5298.127197 145.576471
72.841176 5305.836990 145.682353
72.894118 5313.552388 145.788235
72.947059 5321.273391 145.894118
73.000000 5329.000000 146.000000
73.052941 5336.732215 146.105882
73.105882 5344.470035 146.211765
73.158824 5352.213460 146.317647
73.211765 5359.962491 146.423529
73.264706 5367.717128 146.529412
73.317647 5375.477370 146.635294
73.370588 5383.243218 146.741176
73.423529 5391.014671 146.847059
73.476471 5398.791730 146.952941
73.529412 5406.574394 147.058824
73.582353 5414.362664 147.164706
73.635294 5422.156540 147.270588
73.688235 5429.956021 147.376471
73.741176 5437.761107 147.482353
73.794118 5445.571799 147.588235
73.847059 5453.388097 147.694118
73.900000 5461.210000 147.800000
73.952941 5469.037509 147.905882
74.005882 5476.870623 148.011765
74.058824 5484.709343 148.117647
74.111765 5492.553668 148.223529
74.164706 5500.403599 148.329412
74.217647 5508.259135 148.435294
74.270588 5516.120277 148.541176
74.323529 5523.987024 148.647059
74.376471 5531.859377 148.752941
74.429412 5539.737336 148.858824
74.482353 5547.620900 148.964706
74.535294 5555.510069 149.070588
74.588235 5563.404844 149.176471
74.641176 5571.305225 149.282353
74.694118 5579.211211 149.388235
74.747059 5587.122803 149.494118
74.800000 5595.040000 149.600000
74.852941 5602.962803 149.705882
74.905882 5610.891211 149.811765
74.958824 5618.825225 149.917647
75.011765 5626.764844 150.023529
75.064706 5634.710069 150.129412
75.117647 5642.660900 150.235294
75.170588 5650.617336 150.341176
75.223529 5658.579377 150.447059
75.276471 5666.547024 150.552941
75.329412 5674.520277 150.658824
75.382353 5682.499135 150.764706
75.435294 5690.483599 150.870588
75.488235 5698.473668 150.976471
75.541176 5706.469343 151.082353
75.594118 5714.470623 151.188235
75.647059 5722.477509 151.294118
75.700000 5730.490000 151.400000
75.752941 5738.508097 151.505882
75.805882 5746.531799 151.611765
75.858824 5754.561107 151.717647
75.911765 5762.596021 151.823529
75.964706 5770.636540 151.929412
76.017647 5778.682664 152.035294
76.070588 5786.734394 152.141176
76.123529 5794.791730 152.247059
76.176471 5802.854671 152.352941
76.229412 5810.923218 152.458824
76.282353 5818.997370 152.564706
76.335294 5827.077128 152.670588
76.388235 5835.162491 152.776471
76.441176 5843.253460 152.882353
76.494118 5851.350035 152.988235
76.547059 5859.452215 153.094118
76.600000 5867.560000 153.200000
76.652941 5875.673391 153.305882
76.705882 5883.792388 153.411765
76.758824 5891.916990 153.517647
76.811765 5900.047197 153.623529
76.864706 5908.183010 153.729412
76.917647 5916.324429 153.835294
76.970588 5924.471453 153.941176
77.023529 5932.624083 154.047059
77.076471 5940.782318 154.152941
77.129412 5948.946159 154.258824
77.182353 5957.115606 154.364706
77.235294 5965.290657 154.470588
77.288235 5973.471315 154.576471
77.341176 5981.657578 154.682353
77.394118 5989.849446 154.788235
77.447059 5998.046920 154.894118
77.500000 6006.250000 155.000000
77.552941 6014.458685 155.105882
77.605882 6022.672976 155.211765
77.658824 6030.892872 155.317647
77.711765 6039.118374 155.423529
77.764706 6047.349481 155.529412
77.817647 6055.586194 155.635294
77.870588 6063.828512 155.741176
77.923529 6072.076436 155.847059
77.976471 6080.329965 155.952941
78.029412 6088.589100 156.058824
78.082353 6096.853841 156.164706
78.135294 6105.124187 156.270588
78.188235 6113.400138 156.376471
78.241176 6121.681696 156.482353
78.294118 6129.968858 156.588235
78.347059 6138.261626 156.694118
78.400000 6146.560000 156.800000
78.452941 6154.863979 156.905882
78.505882 6163.173564 157.011765
78.558824 6171.488754 157.117647
78.611765 6179.809550 157.223529
78.664706 6188.135952 157.329412
78.717647 6196.467958 157.435294
78.770588 6204.805571 157.541176
78.823529 6213.148789 157.647059
78.876471 6221.497612 157.752941
78.929412 6229.852042 157.858824
78.982353 6238.212076 157.964706
79.035294 6246.577716 158.070588
79.088235 6254.948962 158.176471
79.141176 6263.325813 158.282353
79.194118 6271.708270 158.388235
79.247059 6280.096332 158.494118
79.300000 6288.490000 158.600000
79.352941 6296.889273 158.705882
79.405882 6305.294152 158.811765
79.458824 6313.704637 158.917647
79.511765 6322.120727 159.023529
79.564706 6330.542422 159.129412
79.617647 6338.969723 159.235294
79.670588 6347.402630 159.341176
79.723529 6355.841142 159.447059
79.776471 6364.285260 159.552941
79.829412 6372.734983 159.658824
79.882353 6381.190311 159.764706
79.935294 6389.651246 159.870588
79.988235 6398.117785 159.976471
80.041176 6406.589931 160.082353
80.094118 6415.067682 160.188235
80.147059 6423.551038 160.294118
80.200000 6432.040000 160.400000
80.252941 6440.534567 160.505882
80.305882 6449.034740 160.611765
80.358824 6457.540519 160.717647
80.411765 6466.051903 160.823529
80.464706 6474.568893 160.929412
80.517647 6483.091488 161.035294
80.570588 6491.619689 161.141176
80.623529 6500.153495 161.247059
80.676471 6508.692907 161.352941
80.729412 6517.237924 161.458824
80.782353 6525.788547 161.564706
80.835294 6534.344775 161.670588
80.888235 6542.906609 161.776471
80.941176 6551.474048 161.882353
80.994118 6560.047093 161.988235
81.047059 6568.625744 162.094118
81.100000 6577.210000 162.200000
81.152941 6585.799862 162.305882
81.205882 6594.395329 162.411765
81.258824 6602.996401 162.517647
81.311765 6611.603080 162.623529
81.364706 6620.215363 162.729412
81.417647 6628.833253 162.835294
81.470588 6637.456747 162.941176
81.523529 6646.085848 163.047059
81.576471 6654.720554 163.152941
81.629412 6663.360865 163.258824
81.682353 6672.006782 163.364706
81.735294 6680.658304 163.470588
81.788235 6689.315433 163.576471
81.841176 6697.978166 163.682353
81.894118 6706.646505 163.788235
81.947059 6715.320450 163.894118
82.000000 6724.000000 164.000000
82.052941 6732.685156 164.105882
82.105882 6741.375917 164.211765
82.158824 6750.072284 164.317647
82.211765 6758.774256 164.423529
82.264706 6767.481834 164.529412
82.317647 6776.195017 164.635294
82.370588 6784.913806 164.741176
82.423529 6793.638201 164.847059
82.476471 6802.368201 164.952941
82.529412 6811.103806 165.058824
82.582353 6819.845017 165.164706
82.635294 6828.591834 165.270588
82.688235 6837.344256 165.376471
82.741176 6846.102284 165.482353
82.794118 6854.865917 165.588235
82.847059 6863.635156 165.694118
82.900000 6872.410000 165.800000
82.952941 6881.190450 165.905882
83.005882 6889.976505 166.011765
83.058824 6898.768166 166.117647
83.111765 6907.565433 166.223529
83.164706 6916.368304 166.329412
83.217647 6925.176782 166.435294
83.270588 6933.990865 166.541176
83.323529 6942.810554 166.647059
83.376471 6951.635848 166.752941
83.429412 6960.466747 166.858824
83.482353 6969.303253 166.964706
83.535294 6978.145363 167.070588
83.588235 6986.993080 167.176471
83.641176 6995.846401 167.282353
83.694118 7004.705329 167.388235
83.747059 7013.569862 167.494118
83.800000 7022.440000 167.600000
83.852941 7031.315744 167.705882
83.905882 7040.197093 167.811765
83.958824 7049.084048 167.917647
84.011765 7057.976609 168.023529
84.064706 7066.874775 168.129412
84.117647 7075.778547 168.235294
84.170588 7084.687924 168.341176
84.223529 7093.602907 168.447059
84.276471 7102.523495 168.552941
84.329412 7111.449689 168.658824
84.382353 7120.381488 168.764706
84.435294 7129.318893 168.870588
84.488235 7138.261903 168.976471
84.541176 7147.210519 169.082353
84.594118 7156.164740 169.188235
84.647059 7165.124567 169.294118
84.700000 7174.090000 169.400000
84.752941 7183.061038 169.505882
84.805882 7192.037682 169.611765
84.858824 7201.019931 169.717647
84.911765 7210.007785 169.823529
84.964706 7219.001246 169.929412
85.017647 7228.000311 170.035294
85.070588 7237.004983 170.141176
85.123529 7246.015260 170.247059
85.176471 7255.031142 170.352941
85.229412 7264.052630 170.458824
85.282353 7273.079723 170.564706
85.335294 7282.112422 170.670588
85.388235 7291.150727 170.776471
85.441176 7300.194637 170.882353
85.494118 7309.244152 170.988235
85.547059 7318.299273 171.094118
85.600000 7327.360000 171.200000
85.652941 7336.426332 171.305882
85.705882 7345.498270 171.411765
85.758824 7354.575813 171.517647
85.811765 7363.658962 171.623529
85.864706 7372.747716 171.729412
85.917647 7381.842076 171.835294
85.970588 7390.942042 171.941176
86.023529 7400.047612 172.047059
86.076471 7409.158789 172.152941
86.129412 7418.275571 172.258824
86.182353 7427.397958 172.364706
86.235294 7436.525952 172.470588
86.288235 7445.659550 172.576471
86.341176 7454.798754 172.682353
86.394118 7463.943564 172.788235
86.447059 7473.093979 172.894118
86.500000 7482.250000 173.000000
86.552941 7491.411626 173.105882
86.605882 7500.578858 173.211765
86.658824 7509.751696 173.317647
86.711765 7518.930138 173.423529
86.764706 7528.114187 173.529412
86.817647 7537.303841 173.635294
86.870588 7546.499100 173.741176
86.923529 7555.699965 173.847059
86.976471 7564.906436 173.952941
87.029412 7574.118512 174.058824
87.082353 7583.336194 174.164706
87.135294 7592.559481 174.270588
87.188235 7601.788374 174.376471
87.241176 7611.022872 174.482353
87.294118 7620.262976 174.588235
87.347059 7629.508685 174.694118
87.400000 7638.760000 174.800000
87.452941 7648.016920 174.905882
87.505882 7657.279446 175.011765
87.558824 7666.547578 175.117647
87.611765 7675.821315 175.223529
87.664706 7685.100657 175.329412
87.717647 7694.385606 175.435294
87.770588 7703.676159 175.541176
87.823529 7712.972318 175.647059
87.876471 7722.274083 175.752941
87.929412 7731.581453 175.858824
87.982353 7740.894429 175.964706
88.035294 7750.213010 176.070588
88.088235 7759.537197 176.176471
88.141176 7768.866990 176.282353
88.194118 7778.202388 176.388235
88.247059 7787.543391 176.494118
88.300000 7796.890000 176.600000
88.352941 7806.242215 176.705882
88.405882 7815.600035 176.811765
88.458824 7824.963460 176.917647
88.511765 7834.332491 177.023529
88.564706 7843.707128 177.129412
88.617647 7853.087370 177.235294
88.670588 7862.473218 177.341176
88.723529 7871.864671 177.447059
88.776471 7881.261730 177.552941
88.829412 7890.664394 177.658824
88.882353 7900.072664 177.764706
88.935294 7909.486540 177.870588
88.988235 7918.906021 177.976471
89.041176 7928.331107 178.082353
89.094118 7937.761799 178.188235
89.147059 7947.198097 178.294118
89.200000 7956.640000 178.400000
89.252941 7966.087509 178.505882
89.305882 7975.540623 178.611765
89.358824 7984.999343 178.717647
89.411765 7994.463668 178.823529
89.464706 8003.933599 178.929412
89.517647 8013.409135 179.035294
89.570588 8022.890277 179.141176
89.623529 8032.377024 179.247059
89.676471 8041.869377 179.352941
89.729412 8051.367336 179.458824
89.782353 8060.870900 179.564706
89.835294 8070.380069 179.670588
89.888235 8079.894844 179.776471
89.941176 8089.415225 179.882353
89.994118 8098.941211 179.988235
90.047059 8108.472803 180.094118
90.100000 8118.010000 180.200000
90.152941 8127.552803 180.305882
90.205882 8137.101211 180.411765
90.258824 8146.655225 180.517647
90.311765 8156.214844 180.623529
90.364706 8165.780069 180.729412
90.417647 8175.350900 180.835294
90.470588 8184.927336 180.941176
90.523529 8194.509377 181.047059
90.576471 8204.097024 181.152941
90.629412 8213.690277 181.258824
90.682353 8223.289135 181.364706
90.735294 8232.893599 181.470588
90.788235 8242.503668 181.576471
90.841176 8252.119343 181.682353
90.894118 8261.740623 181.788235
90.947059 8271.367509 181.894118
91.000000 8281.000000 182.000000
91.052941 8290.638097 182.105882
91.105882 8300.281799 182.211765
91.158824 8309.931107 182.317647
91.211765 8319.586021 182.423529
91.264706 8329.246540 182.529412
91.317647 8338.912664 182.635294
91.370588 8348.584394 182.741176
91.423529 8358.261730 182.847059
91.476471 8367.944671 182.952941
91.529412 8377.633218 183.058824
91.582353 8387.327370 183.164706
91.635294 8397.027128 183.270588
91.688235 8406.732491 183.376471
91.741176 8416.443460 183.482353
91.794118 8426.160035 183.588235
91.847059 8435.882215 183.694118
91.900000 8445.610000 183.800000
91.952941 8455.343391 183.905882
92.005882 8465.082388 184.011765
92.058824 8474.826990 184.117647
92.111765 8484.577197 184.223529
92.164706 8494.333010 184.329412
92.217647 8504.094429 184.435294
92.270588 8513.861453 184.541176
92.323529 8523.634083 184.647059
92.376471 8533.412318 184.752941
92.429412 8543.196159 184.858824
92.482353 8552.985606 184.964706
92.535294 8562.780657 185.070588
92.588235 8572.581315 185.176471
92.641176 8582.387578 185.282353
92.694118 8592.199446 185.388235
92.747059 8602.016920 185.494118
92.800000 8611.840000 185.600000
92.852941 8621.668685 185.705882
92.905882 8631.502976 185.811765
92.958824 8641.342872 185.917647
93.011765 8651.188374 186.023529
93.064706 8661.039481 186.129412
93.117647 8670.896194 186.235294
93.170588 8680.758512 186.341176
93.223529 8690.626436 186.447059
93.276471 8700.499965 186.552941
93.329412 8710.379100 186.658824
93.382353 8720.263841 186.764706
93.435294 8730.154187 186.870588
93.488235 8740.050138 186.976471
93.541176 8749.951696 187.082353
93.594118 8759.858858 187.188235
93.647059 8769.771626 187.294118
93.700000 8779.690000 187.400000
93.752941 8789.613979 187.505882
93.805882 8799.543564 187.611765
93.858824 8809.478754 187.717647
93.911765 8819.419550 187.823529
93.964706 8829.365952 187.929412
94.017647 8839.317958 188.035294
94.070588 8849.275571 188.141176
94.123529 8859.238789 188.247059
94.176471 8869.207612 188.352941
94.229412 8879.182042 188.458824
94.282353 8889.162076 188.564706
94.335294 8899.147716 188.670588
94.388235 8909.138962 188.776471
94.441176 8919.135813 188.882353
94.494118 8929.138270 188.988235
94.547059 8939.146332 189.094118
94.600000 8949.160000 189.200000
94.652941 8959.179273 189.305882
94.705882 8969.204152 189.411765
94.758824 8979.234637 189.517647
94.811765 8989.270727 189.623529
94.864706 8999.312422 189.729412
94.917647 9009.359723 189.835294
94.970588 9019.412630 189.941176
95.023529 9029.471142 190.047059
95.076471 9039.535260 190.152941
95.129412 9049.604983 190.258824
95.182353 9059.680311 190.364706
95.235294 9069.761246 190.470588
95.288235 9079.847785 190.576471
95.341176 9089.939931 190.682353
95.394118 9100.037682 190.788235
95.447059 9110.141038 190.894118
95.500000 9120.250000 191.000000
95.552941 9130.364567 191.105882
95.605882 9140.484740 191.211765
95.658824 9150.610519 191.317647
95.711765 9160.741903 191.423529
95.764706 9170.878893 191.529412
95.817647 9181.021488 191.635294
95.870588 9191.169689 191.741176
95.923529 9201.323495 191.847059
95.976471 9211.482907 191.952941
96.029412 9221.647924 192.058824
96.082353 9231.818547 192.164706
96.135294 9241.994775 192.270588
96.188235 9252.176609 192.376471
96.241176 9262.364048 192.482353
96.294118 9272.557093 192.588235
96.347059 9282.755744 192.694118
96.400000 9292.960000 192.800000
96.452941 9303.169862 192.905882
96.505882 9313.385329 193.011765
96.558824 9323.606401 193.117647
96.611765 9333.833080 193.223529
96.664706 9344.065363 193.329412
96.717647 9354.303253 193.435294
96.770588 9364.546747 193.541176
96.823529 9374.795848 193.647059
96.876471 9385.050554 193.752941
96.929412 9395.310865 193.858824
96.982353 9405.576782 193.964706
97.035294 9415.848304 194.070588
97.088235 9426.125433 194.176471
97.141176 9436.408166 194.282353
97.194118 9446.696505 194.388235
97.247059 9456.990450 194.494118
97.300000 9467.290000 194.600000
97.352941 9477.595156 194.705882
97.405882 9487.905917 194.811765
97.458824 9498.222284 194.917647
97.511765 9508.544256 195.023529
97.564706 9518.871834 195.129412
97.617647 9529.205017 195.235294
97.670588 9539.543806 195.341176
97.723529 9549.888201 195.447059
97.776471 9560.238201 195.552941
97.829412 9570.593806 195.658824
97.882353 9580.955017 195.764706
97.935294 9591.321834 195.870588
97.988235 9601.694256 195.976471
98.041176 9612.072284 196.082353
98.094118 9622.455917 196.188235
98.147059 9632.845156 196.294118
98.200000 9643.240000 196.400000
98.252941 9653.640450 196.505882
98.305882 9664.046505 196.611765
98.358824 9674.458166 196.717647
98.411765 9684.875433 196.823529
98.464706 9695.298304 196.929412
98.517647 9705.726782 197.035294
98.570588 9716.160865 197.141176
98.623529 9726.600554 197.247059
98.676471 9737.045848 197.352941
98.729412 9747.496747 197.458824
98.782353 9757.953253 197.564706
98.835294 9768.415363 197.670588
98.888235 9778.883080 197.776471
98.941176 9789.356401 197.882353
98.994118 9799.835329 197.988235
99.047059 9810.319862 198.094118
99.100000 9820.810000 198.200000
99.152941 9831.305744 198.305882
99.205882 9841.807093 198.411765
99.258824 9852.314048 198.517647
99.311765 9862.826609 198.623529
99.364706 9873.344775 198.729412
99.417647 9883.868547 198.835294
99.470588 9894.397924 198.941176
99.523529 9904.932907 199.047059
99.576471 9915.473495 199.152941
99.629412 9926.019689 199.258824
99.682353 9936.571488 199.364706
99.735294 9947.128893 199.470588
99.788235 9957.691903 199.576471
99.841176 9968.260519 199.682353
99.894118 9978.834740 199.788235
99.947059 9989.414567 199.894118
100.000000 10000.000000 200.000000
