1.000000 1.000000 2.000000
1.049525 1.101502 2.099050
1.099050 1.207910 2.198099
1.148574 1.319223 2.297149
1.198099 1.435441 2.396198
1.247624 1.556565 2.495248
1.297149 1.682594 2.594297
1.346673 1.813529 2.693347
1.396198 1.949369 2.792396
1.445723 2.090115 2.891446
1.495248 2.235765 2.990495
1.544772 2.386322 3.089545
1.594297 2.541783 3.188594
1.643822 2.702150 3.287644
1.693347 2.867423 3.386693
1.742871 3.037601 3.485743
1.792396 3.212684 3.584792
1.841921 3.392673 3.683842
1.891446 3.577567 3.782891
1.940970 3.767366 3.881941
1.990495 3.962071 3.980990
2.040020 4.161682 4.080040
2.089545 4.366197 4.179090
2.139070 4.575618 4.278139
2.188594 4.789945 4.377189
2.238119 5.009177 4.476238
2.287644 5.233314 4.575288
2.337169 5.462357 4.674337
2.386693 5.696305 4.773387
2.436218 5.935159 4.872436
2.485743 6.178918 4.971486
2.535268 6.427582 5.070535
2.584792 6.681152 5.169585
2.634317 6.939627 5.268634
2.683842 7.203007 5.367684
2.733367 7.471293 5.466733
2.782891 7.744485 5.565783
2.832416 8.022582 5.664832
2.881941 8.305584 5.763882
2.931466 8.593491 5.862931
2.980990 8.886304 5.961981
3.030515 9.184023 6.061031
3.080040 9.486647 6.160080
3.129565 9.794176 6.259130
3.179090 10.106610 6.358179
3.228614 10.423950 6.457229
3.278139 10.746196 6.556278
3.327664 11.073347 6.655328
3.377189 11.405403 6.754377
3.426713 11.742364 6.853427
3.476238 12.084231 6.952476
3.525763 12.431004 7.051526
3.575288 12.782682 7.150575
3.624812 13.139265 7.249625
3.674337 13.500754 7.348674
3.723862 13.867148 7.447724
3.773387 14.238447 7.546773
3.822911 14.614652 7.645823
3.872436 14.995762 7.744872
3.921961 15.381778 7.843922
3.971486 15.772699 7.942971
4.021011 16.168525 8.042021
4.070535 16.569257 8.141071
4.120060 16.974895 8.240120
4.169585 17.385437 8.339170
4.219110 17.800885 8.438219
4.268634 18.221239 8.537269
4.318159 18.646498 8.636318
4.367684 19.076662 8.735368
4.417209 19.511732 8.834417
4.466733 19.951707 8.933467
4.516258 20.396587 9.032516
4.565783 20.846373 9.131566
4.615308 21.301065 9.230615
4.664832 21.760661 9.329665
4.714357 22.225164 9.428714
4.763882 22.694571 9.527764
4.813407 23.168884 9.626813
4.862931 23.648102 9.725863
4.912456 24.132226 9.824912
4.961981 24.621255 9.923962
5.011506 25.115190 10.023012
5.061031 25.614030 10.122061
5.110555 26.117775 10.221111
5.160080 26.626426 10.320160
5.209605 27.139982 10.419210
5.259130 27.658444 10.518259
5.308654 28.181811 10.617309
5.358179 28.710083 10.716358
5.407704 29.243261 10.815408
5.457229 29.781344 10.914457
5.506753 30.324333 11.013507
5.556278 30.872227 11.112556
5.605803 31.425026 11.211606
5.655328 31.982731 11.310655
5.704852 32.545341 11.409705
5.754377 33.112857 11.508754
5.803902 33.685278 11.607804
5.853427 34.262604 11.706853
5.902951 34.844836 11.805903
5.952476 35.431973 11.904952
6.002001 36.024016 12.004002
6.051526 36.620964 12.103052
6.101051 37.222818 12.202101
6.150575 37.829576 12.301151
6.200100 38.441241 12.400200
6.249625 39.057810 12.499250
6.299150 39.679285 12.598299
6.348674 40.305666 12.697349
6.398199 40.936952 12.796398
6.447724 41.573143 12.895448
6.497249 42.214240 12.994497
6.546773 42.860242 13.093547
6.596298 43.511149 13.192596
6.645823 44.166962 13.291646
6.695348 44.827680 13.390695
6.744872 45.493304 13.489745
6.794397 46.163833 13.588794
6.843922 46.839268 13.687844
6.893447 47.519608 13.786893
6.942971 48.204853 13.885943
6.992496 48.895004 13.984992
7.042021 49.590060 14.084042
7.091546 50.290021 14.183092
7.141071 50.994888 14.282141
7.190595 51.704661 14.381191
7.240120 52.419338 14.480240
7.289645 53.138922 14.579290
7.339170 53.863410 14.678339
7.388694 54.592804 14.777389
7.438219 55.327104 14.876438
7.487744 56.066308 14.975488
7.537269 56.810418 15.074537
7.586793 57.559434 15.173587
7.636318 58.313355 15.272636
7.685843 59.072181 15.371686
7.735368 59.835913 15.470735
7.784892 60.604550 15.569785
7.834417 61.378093 15.668834
7.883942 62.156541 15.767884
7.933467 62.939894 15.866933
7.982991 63.728153 15.965983
8.032516 64.521317 16.065033
8.082041 65.319387 16.164082
8.131566 66.122362 16.263132
8.181091 66.930243 16.362181
8.230615 67.743028 16.461231
8.280140 68.560720 16.560280
8.329665 69.383316 16.659330
8.379190 70.210818 16.758379
8.428714 71.043226 16.857429
8.478239 71.880539 16.956478
8.527764 72.722757 17.055528
8.577289 73.569880 17.154577
8.626813 74.421910 17.253627
8.676338 75.278844 17.352676
8.725863 76.140684 17.451726
8.775388 77.007429 17.550775
8.824912 77.879080 17.649825
8.874437 78.755636 17.748874
8.923962 79.637097 17.847924
8.973487 80.523464 17.946973
9.023012 81.414737 18.046023
9.072536 82.310914 18.145073
9.122061 83.211997 18.244122
9.171586 84.117986 18.343172
9.221111 85.028880 18.442221
9.270635 85.944679 18.541271
9.320160 86.865384 18.640320
9.369685 87.790994 18.739370
9.419210 88.721510 18.838419
9.468734 89.656931 18.937469
9.518259 90.597257 19.036518
9.567784 91.542489 19.135568
9.617309 92.492626 19.234617
9.666833 93.447668 19.333667
9.716358 94.407616 19.432716
9.765883 95.372470 19.531766
9.815408 96.342228 19.630815
9.864932 97.316893 19.729865
9.914457 98.296462 19.828914
9.963982 99.280937 19.927964
10.013507 100.270317 20.027014
10.063032 101.264603 20.126063
10.112556 102.263794 20.225113
10.162081 103.267891 20.324162
10.211606 104.276893 20.423212
10.261131 105.290800 20.522261
10.310655 106.309613 20.621311
10.360180 107.333331 20.720360
10.409705 108.361955 20.819410
10.459230 109.395484 20.918459
10.508754 110.433919 21.017509
10.558279 111.477258 21.116558
10.607804 112.525504 21.215608
10.657329 113.578654 21.314657
10.706853 114.636710 21.413707
10.756378 115.699672 21.512756
10.805903 116.767539 21.611806
10.855428 117.840311 21.710855
10.904952 118.917989 21.809905
10.954477 120.000572 21.908954
11.004002 121.088060 22.008004
11.053527 122.180454 22.107054
11.103052 123.277753 22.206103
11.152576 124.379958 22.305153
11.202101 125.487068 22.404202
11.251626 126.599083 22.503252
11.301151 127.716004 22.602301
11.350675 128.837831 22.701351
11.400200 129.964562 22.800400
11.449725 131.096199 22.899450
11.499250 132.232742 22.998499
11.548774 133.374190 23.097549
11.598299 134.520543 23.196598
11.647824 135.671802 23.295648
11.697349 136.827966 23.394697
11.746873 137.989036 23.493747
11.796398 139.155010 23.592796
11.845923 140.325891 23.691846
11.895448 141.501677 23.790895
11.944972 142.682368 23.889945
11.994497 143.867964 23.988994
12.044022 145.058466 24.088044
12.093547 146.253874 24.187094
12.143072 147.454186 24.286143
12.192596 148.659404 24.385193
12.242121 149.869528 24.484242
12.291646 151.084557 24.583292
12.341171 152.304491 24.682341
12.390695 153.529331 24.781391
12.440220 154.759076 24.880440
12.489745 155.993727 24.979490
12.539270 157.233283 25.078539
12.588794 158.477744 25.177589
12.638319 159.727111 25.276638
12.687844 160.981383 25.375688
12.737369 162.240561 25.474737
12.786893 163.504644 25.573787
12.836418 164.773632 25.672836
12.885943 166.047526 25.771886
12.935468 167.326325 25.870935
12.984992 168.610030 25.969985
13.034517 169.898640 26.069035
13.084042 171.192156 26.168084
13.133567 172.490576 26.267134
13.183092 173.793903 26.366183
13.232616 175.102134 26.465233
13.282141 176.415271 26.564282
13.331666 177.733314 26.663332
13.381191 179.056262 26.762381
13.430715 180.384115 26.861431
13.480240 181.716874 26.960480
13.529765 183.054538 27.059530
13.579290 184.397107 27.158579
13.628814 185.744582 27.257629
13.678339 187.096962 27.356678
13.727864 188.454248 27.455728
13.777389 189.816439 27.554777
13.826913 191.183536 27.653827
13.876438 192.555538 27.752876
13.925963 193.932445 27.851926
13.975488 195.314258 27.950975
14.025013 196.700976 28.050025
14.074537 198.092599 28.149075
14.124062 199.489128 28.248124
14.173587 200.890563 28.347174
14.223112 202.296902 28.446223
14.272636 203.708147 28.545273
14.322161 205.124298 28.644322
14.371686 206.545354 28.743372
14.421211 207.971315 28.842421
14.470735 209.402182 28.941471
14.520260 210.837954 29.040520
14.569785 212.278632 29.139570
14.619310 213.724215 29.238619
14.668834 215.174703 29.337669
14.718359 216.630097 29.436718
14.767884 218.090396 29.535768
14.817409 219.555601 29.634817
14.866933 221.025711 29.733867
14.916458 222.500726 29.832916
14.965983 223.980647 29.931966
15.015508 225.465473 30.031016
15.065033 226.955205 30.130065
15.114557 228.449842 30.229115
15.164082 229.949384 30.328164
15.213607 231.453832 30.427214
15.263132 232.963185 30.526263
15.312656 234.477444 30.625313
15.362181 235.996608 30.724362
15.411706 237.520677 30.823412
15.461231 239.049652 30.922461
15.510755 240.583532 31.021511
15.560280 242.122318 31.120560
15.609805 243.666009 31.219610
15.659330 245.214606 31.318659
15.708854 246.768107 31.417709
15.758379 248.326515 31.516758
15.807904 249.889827 31.615808
15.857429 251.458045 31.714857
15.906953 253.031169 31.813907
15.956478 254.609198 31.912956
16.006003 256.192132 32.012006
16.055528 257.779972 32.111056
16.105053 259.372717 32.210105
16.154577 260.970367 32.309155
16.204102 262.572923 32.408204
16.253627 264.180385 32.507254
16.303152 265.792751 32.606303
16.352676 267.410023 32.705353
16.402201 269.032201 32.804402
16.451726 270.659284 32.903452
16.501251 272.291272 33.002501
16.550775 273.928166 33.101551
16.600300 275.569965 33.200600
16.649825 277.216670 33.299650
16.699350 278.868280 33.398699
16.748874 280.524795 33.497749
16.798399 282.186216 33.596798
16.847924 283.852542 33.695848
16.897449 285.523773 33.794897
16.946973 287.199910 33.893947
16.996498 288.880953 33.992996
17.046023 290.566901 34.092046
17.095548 292.257754 34.191096
17.145073 293.953512 34.290145
17.194597 295.654176 34.389195
17.244122 297.359746 34.488244
17.293647 299.070220 34.587294
17.343172 300.785601 34.686343
17.392696 302.505886 34.785393
17.442221 304.231077 34.884442
17.491746 305.961174 34.983492
17.541271 307.696176 35.082541
17.590795 309.436083 35.181591
17.640320 311.180895 35.280640
17.689845 312.930613 35.379690
17.739370 314.685237 35.478739
17.788894 316.444766 35.577789
17.838419 318.209200 35.676838
17.887944 319.978540 35.775888
17.937469 321.752785 35.874937
17.986993 323.531935 35.973987
18.036518 325.315991 36.073037
18.086043 327.104952 36.172086
18.135568 328.898819 36.271136
18.185093 330.697591 36.370185
18.234617 332.501268 36.469235
18.284142 334.309851 36.568284
18.333667 336.123340 36.667334
18.383192 337.941733 36.766383
18.432716 339.765032 36.865433
18.482241 341.593237 36.964482
18.531766 343.426347 37.063532
18.581291 345.264362 37.162581
18.630815 347.107283 37.261631
18.680340 348.955109 37.360680
18.729865 350.807840 37.459730
18.779390 352.665477 37.558779
18.828914 354.528020 37.657829
18.878439 356.395467 37.756878
18.927964 358.267821 37.855928
18.977489 360.145079 37.954977
19.027014 362.027243 38.054027
19.076538 363.914312 38.153077
19.126063 365.806287 38.252126
19.175588 367.703167 38.351176
19.225113 369.604953 38.450225
19.274637 371.511644 38.549275
19.324162 373.423240 38.648324
19.373687 375.339742 38.747374
19.423212 377.261149 38.846423
19.472736 379.187462 38.945473
19.522261 381.118680 39.044522
19.571786 383.054803 39.143572
19.621311 384.995832 39.242621
19.670835 386.941766 39.341671
19.720360 388.892606 39.440720
19.769885 390.848351 39.539770
19.819410 392.809001 39.638819
19.868934 394.774557 39.737869
19.918459 396.745018 39.836918
19.967984 398.720385 39.935968
20.017509 400.700657 40.035018
20.067034 402.685834 40.134067
20.116558 404.675917 40.233117
20.166083 406.670905 40.332166
20.215608 408.670799 40.431216
20.265133 410.675598 40.530265
20.314657 412.685302 40.629315
20.364182 414.699912 40.728364
20.413707 416.719427 40.827414
20.463232 418.743848 40.926463
20.512756 420.773174 41.025513
20.562281 422.807406 41.124562
20.611806 424.846543 41.223612
20.661331 426.890585 41.322661
20.710855 428.939533 41.421711
20.760380 430.993386 41.520760
20.809905 433.052144 41.619810
20.859430 435.115808 41.718859
20.908954 437.184377 41.817909
20.958479 439.257852 41.916958
21.008004 441.336232 42.016008
21.057529 443.419518 42.115058
21.107054 445.507709 42.214107
21.156578 447.600805 42.313157
21.206103 449.698807 42.412206
21.255628 451.801714 42.511256
21.305153 453.909526 42.610305
21.354677 456.022244 42.709355
21.404202 458.139868 42.808404
21.453727 460.262396 42.907454
21.503252 462.389830 43.006503
21.552776 464.522170 43.105553
21.602301 466.659415 43.204602
21.651826 468.801565 43.303652
21.701351 470.948621 43.402701
21.750875 473.100582 43.501751
21.800400 475.257449 43.600800
21.849925 477.419221 43.699850
21.899450 479.585898 43.798899
21.948974 481.757481 43.897949
21.998499 483.933969 43.996998
22.048024 486.115363 44.096048
22.097549 488.301662 44.195098
22.147074 490.492866 44.294147
22.196598 492.688976 44.393197
22.246123 494.889991 44.492246
22.295648 497.095912 44.591296
22.345173 499.306738 44.690345
22.394697 501.522469 44.789395
22.444222 503.743106 44.888444
22.493747 505.968648 44.987494
22.543272 508.199096 45.086543
22.592796 510.434449 45.185593
22.642321 512.674708 45.284642
22.691846 514.919871 45.383692
22.741371 517.169941 45.482741
22.790895 519.424915 45.581791
22.840420 521.684795 45.680840
22.889945 523.949581 45.779890
22.939470 526.219272 45.878939
22.988994 528.493868 45.977989
23.038519 530.773370 46.077039
23.088044 533.057777 46.176088
23.137569 535.347089 46.275138
23.187094 537.641307 46.374187
23.236618 539.940430 46.473237
23.286143 542.244459 46.572286
23.335668 544.553393 46.671336
23.385193 546.867233 46.770385
23.434717 549.185978 46.869435
23.484242 551.509628 46.968484
23.533767 553.838184 47.067534
23.583292 556.171645 47.166583
23.632816 558.510011 47.265633
23.682341 560.853283 47.364682
23.731866 563.201461 47.463732
23.781391 565.554543 47.562781
23.830915 567.912532 47.661831
23.880440 570.275425 47.760880
23.929965 572.643224 47.859930
23.979490 575.015928 47.958979
24.029015 577.393538 48.058029
24.078539 579.776053 48.157079
24.128064 582.163474 48.256128
24.177589 584.555800 48.355178
24.227114 586.953031 48.454227
24.276638 589.355168 48.553277
24.326163 591.762210 48.652326
24.375688 594.174158 48.751376
24.425213 596.591011 48.850425
24.474737 599.012769 48.949475
24.524262 601.439433 49.048524
24.573787 603.871002 49.147574
24.623312 606.307477 49.246623
24.672836 608.748857 49.345673
24.722361 611.195142 49.444722
24.771886 613.646333 49.543772
24.821411 616.102429 49.642821
24.870935 618.563431 49.741871
24.920460 621.029338 49.840920
24.969985 623.500151 49.939970
25.019510 625.975868 50.039020
25.069035 628.456492 50.138069
25.118559 630.942020 50.237119
25.168084 633.432454 50.336168
25.217609 635.927794 50.435218
25.267134 638.428039 50.534267
25.316658 640.933189 50.633317
25.366183 643.443245 50.732366
25.415708 645.958206 50.831416
25.465233 648.478072 50.930465
25.514757 651.002844 51.029515
25.564282 653.532521 51.128564
25.613807 656.067104 51.227614
25.663332 658.606592 51.326663
25.712856 661.150986 51.425713
25.762381 663.700285 51.524762
25.811906 666.254489 51.623812
25.861431 668.813599 51.722861
25.910955 671.377614 51.821911
25.960480 673.946534 51.920960
26.010005 676.520360 52.020010
26.059530 679.099092 52.119060
26.109055 681.682728 52.218109
26.158579 684.271270 52.317159
26.208104 686.864718 52.416208
26.257629 689.463071 52.515258
26.307154 692.066329 52.614307
26.356678 694.674493 52.713357
26.406203 697.287562 52.812406
26.455728 699.905537 52.911456
26.505253 702.528417 53.010505
26.554777 705.156202 53.109555
26.604302 707.788893 53.208604
26.653827 710.426489 53.307654
26.703352 713.068991 53.406703
26.752876 715.716398 53.505753
26.802401 718.368710 53.604802
26.851926 721.025928 53.703852
26.901451 723.688051 53.802901
26.950975 726.355080 53.901951
27.000500 729.027014 54.001001
27.050025 731.703853 54.100050
27.099550 734.385598 54.199100
27.149075 737.072248 54.298149
27.198599 739.763804 54.397199
27.248124 742.460265 54.496248
27.297649 745.161631 54.595298
27.347174 747.867903 54.694347
27.396698 750.579080 54.793397
27.446223 753.295163 54.892446
27.495748 756.016151 54.991496
27.545273 758.742045 55.090545
27.594797 761.472843 55.189595
27.644322 764.208548 55.288644
27.693847 766.949157 55.387694
27.743372 769.694672 55.486743
27.792896 772.445093 55.585793
27.842421 775.200419 55.684842
27.891946 777.960650 55.783892
27.941471 780.725787 55.882941
27.990995 783.495829 55.981991
28.040520 786.270776 56.081041
28.090045 789.050629 56.180090
28.139570 791.835388 56.279140
28.189095 794.625051 56.378189
28.238619 797.419621 56.477239
28.288144 800.219095 56.576288
28.337669 803.023475 56.675338
28.387194 805.832760 56.774387
28.436718 808.646951 56.873437
28.486243 811.466047 56.972486
28.535768 814.290049 57.071536
28.585293 817.118956 57.170585
28.634817 819.952768 57.269635
28.684342 822.791486 57.368684
28.733867 825.635109 57.467734
28.783392 828.483638 57.566783
28.832916 831.337071 57.665833
28.882441 834.195411 57.764882
28.931966 837.058656 57.863932
28.981491 839.926806 57.962981
29.031016 842.799861 58.062031
29.080540 845.677822 58.161081
29.130065 848.560689 58.260130
29.179590 851.448461 58.359180
29.229115 854.341138 58.458229
29.278639 857.238720 58.557279
29.328164 860.141208 58.656328
29.377689 863.048602 58.755378
29.427214 865.960901 58.854427
29.476738 868.878105 58.953477
29.526263 871.800215 59.052526
29.575788 874.727230 59.151576
29.625313 877.659150 59.250625
29.674837 880.595976 59.349675
29.724362 883.537707 59.448724
29.773887 886.484344 59.547774
29.823412 889.435886 59.646823
29.872936 892.392333 59.745873
29.922461 895.353686 59.844922
29.971986 898.319944 59.943972
30.021511 901.291108 60.043022
30.071036 904.267177 60.142071
30.120560 907.248152 60.241121
30.170085 910.234031 60.340170
30.219610 913.224817 60.439220
30.269135 916.220507 60.538269
30.318659 919.221104 60.637319
30.368184 922.226605 60.736368
30.417709 925.237012 60.835418
30.467234 928.252324 60.934467
30.516758 931.272542 61.033517
30.566283 934.297665 61.132566
30.615808 937.327694 61.231616
30.665333 940.362628 61.330665
30.714857 943.402467 61.429715
30.764382 946.447212 61.528764
30.813907 949.496862 61.627814
30.863432 952.551417 61.726863
30.912956 955.610878 61.825913
30.962481 958.675245 61.924962
31.012006 961.744516 62.024012
31.061531 964.818693 62.123062
31.111056 967.897776 62.222111
31.160580 970.981764 62.321161
31.210105 974.070657 62.420210
31.259630 977.164456 62.519260
31.309155 980.263160 62.618309
31.358679 983.366770 62.717359
31.408204 986.475285 62.816408
31.457729 989.588705 62.915458
31.507254 992.707031 63.014507
31.556778 995.830262 63.113557
31.606303 998.958399 63.212606
31.655828 1002.091441 63.311656
31.705353 1005.229388 63.410705
31.754877 1008.372241 63.509755
31.804402 1011.519999 63.608804
31.853927 1014.672663 63.707854
31.903452 1017.830232 63.806903
31.952976 1020.992706 63.905953
32.002501 1024.160086 64.005003
32.052026 1027.332372 64.104052
32.101551 1030.509562 64.203102
32.151076 1033.691658 64.302151
32.200600 1036.878660 64.401201
32.250125 1040.070567 64.500250
32.299650 1043.267379 64.599300
32.349175 1046.469096 64.698349
32.398699 1049.675720 64.797399
32.448224 1052.887248 64.896448
32.497749 1056.103682 64.995498
32.547274 1059.325021 65.094547
32.596798 1062.551266 65.193597
32.646323 1065.782416 65.292646
32.695848 1069.018471 65.391696
32.745373 1072.259432 65.490745
32.794897 1075.505299 65.589795
32.844422 1078.756070 65.688844
32.893947 1082.011747 65.787894
32.943472 1085.272330 65.886943
32.992996 1088.537818 65.985993
33.042521 1091.808211 66.085043
33.092046 1095.083510 66.184092
33.141571 1098.363714 66.283142
33.191096 1101.648824 66.382191
33.240620 1104.938839 66.481241
33.290145 1108.233759 66.580290
33.339670 1111.533585 66.679340
33.389195 1114.838316 66.778389
33.438719 1118.147952 66.877439
33.488244 1121.462494 66.976488
33.537769 1124.781942 67.075538
33.587294 1128.106295 67.174587
33.636818 1131.435553 67.273637
33.686343 1134.769716 67.372686
33.735868 1138.108785 67.471736
33.785393 1141.452760 67.570785
33.834917 1144.801639 67.669835
33.884442 1148.155425 67.768884
33.933967 1151.514115 67.867934
33.983492 1154.877711 67.966983
34.033017 1158.246213 68.066033
34.082541 1161.619619 68.165083
34.132066 1164.997932 68.264132
34.181591 1168.381149 68.363182
34.231116 1171.769272 68.462231
34.280640 1175.162301 68.561281
34.330165 1178.560235 68.660330
34.379690 1181.963074 68.759380
34.429215 1185.370818 68.858429
34.478739 1188.783469 68.957479
34.528264 1192.201024 69.056528
34.577789 1195.623485 69.155578
34.627314 1199.050851 69.254627
34.676838 1202.483123 69.353677
34.726363 1205.920300 69.452726
34.775888 1209.362382 69.551776
34.825413 1212.809370 69.650825
34.874937 1216.261263 69.749875
34.924462 1219.718062 69.848924
34.973987 1223.179766 69.947974
35.023512 1226.646376 70.047024
35.073037 1230.117891 70.146073
35.122561 1233.594311 70.245123
35.172086 1237.075637 70.344172
35.221611 1240.561868 70.443222
35.271136 1244.053004 70.542271
35.320660 1247.549046 70.641321
35.370185 1251.049993 70.740370
35.419710 1254.555846 70.839420
35.469235 1258.066604 70.938469
35.518759 1261.582268 71.037519
35.568284 1265.102837 71.136568
35.617809 1268.628311 71.235618
35.667334 1272.158691 71.334667
35.716858 1275.693976 71.433717
35.766383 1279.234167 71.532766
35.815908 1282.779263 71.631816
35.865433 1286.329264 71.730865
35.914957 1289.884171 71.829915
35.964482 1293.443983 71.928964
36.014007 1297.008700 72.028014
36.063532 1300.578323 72.127064
36.113057 1304.152852 72.226113
36.162581 1307.732286 72.325163
36.212106 1311.316625 72.424212
36.261631 1314.905869 72.523262
36.311156 1318.500019 72.622311
36.360680 1322.099075 72.721361
36.410205 1325.703036 72.820410
36.459730 1329.311902 72.919460
36.509255 1332.925673 73.018509
36.558779 1336.544350 73.117559
36.608304 1340.167933 73.216608
36.657829 1343.796421 73.315658
36.707354 1347.429814 73.414707
36.756878 1351.068113 73.513757
36.806403 1354.711317 73.612806
36.855928 1358.359426 73.711856
36.905453 1362.012441 73.810905
36.954977 1365.670361 73.909955
37.004502 1369.333187 74.009005
37.054027 1373.000918 74.108054
37.103552 1376.673554 74.207104
37.153077 1380.351096 74.306153
37.202601 1384.033544 74.405203
37.252126 1387.720896 74.504252
37.301651 1391.413154 74.603302
37.351176 1395.110318 74.702351
37.400700 1398.812387 74.801401
37.450225 1402.519361 74.900450
37.499750 1406.231241 74.999500
37.549275 1409.948026 75.098549
37.598799 1413.669716 75.197599
37.648324 1417.396312 75.296648
37.697849 1421.127814 75.395698
37.747374 1424.864220 75.494747
37.796898 1428.605532 75.593797
37.846423 1432.351750 75.692846
37.895948 1436.102873 75.791896
37.945473 1439.858901 75.890945
37.994997 1443.619835 75.989995
38.044522 1447.385674 76.089045
38.094047 1451.156419 76.188094
38.143572 1454.932069 76.287144
38.193097 1458.712624 76.386193
38.242621 1462.498085 76.485243
38.292146 1466.288451 76.584292
38.341671 1470.083722 76.683342
38.391196 1473.883899 76.782391
38.440720 1477.688982 76.881441
38.490245 1481.498970 76.980490
38.539770 1485.313863 77.079540
38.589295 1489.133661 77.178589
38.638819 1492.958365 77.277639
38.688344 1496.787975 77.376688
38.737869 1500.622490 77.475738
38.787394 1504.461910 77.574787
38.836918 1508.306235 77.673837
38.886443 1512.155466 77.772886
38.935968 1516.009603 77.871936
38.985493 1519.868645 77.970985
39.035018 1523.732592 78.070035
39.084542 1527.601445 78.169085
39.134067 1531.475203 78.268134
39.183592 1535.353866 78.367184
39.233117 1539.237435 78.466233
39.282641 1543.125909 78.565283
39.332166 1547.019289 78.664332
39.381691 1550.917574 78.763382
39.431216 1554.820764 78.862431
39.480740 1558.728860 78.961481
39.530265 1562.641861 79.060530
39.579790 1566.559768 79.159580
39.629315 1570.482580 79.258629
39.678839 1574.410298 79.357679
39.728364 1578.342921 79.456728
39.777889 1582.280449 79.555778
39.827414 1586.222883 79.654827
39.876938 1590.170222 79.753877
39.926463 1594.122466 79.852926
39.975988 1598.079616 79.951976
40.025513 1602.041671 80.051026
40.075038 1606.008632 80.150075
40.124562 1609.980498 80.249125
40.174087 1613.957270 80.348174
40.223612 1617.938947 80.447224
40.273137 1621.925529 80.546273
40.322661 1625.917017 80.645323
40.372186 1629.913410 80.744372
40.421711 1633.914708 80.843422
40.471236 1637.920912 80.942471
40.520760 1641.932022 81.041521
40.570285 1645.948037 81.140570
40.619810 1649.968957 81.239620
40.669335 1653.994782 81.338669
40.718859 1658.025513 81.437719
40.768384 1662.061150 81.536768
40.817909 1666.101691 81.635818
40.867434 1670.147139 81.734867
40.916958 1674.197491 81.833917
40.966483 1678.252749 81.932966
41.016008 1682.312913 82.032016
41.065533 1686.377981 82.131066
41.115058 1690.447956 82.230115
41.164582 1694.522835 82.329165
41.214107 1698.602620 82.428214
41.263632 1702.687311 82.527264
41.313157 1706.776906 82.626313
41.362681 1710.871408 82.725363
41.412206 1714.970814 82.824412
41.461731 1719.075126 82.923462
41.511256 1723.184344 83.022511
41.560780 1727.298467 83.121561
41.610305 1731.417495 83.220610
41.659830 1735.541429 83.319660
41.709355 1739.670268 83.418709
41.758879 1743.804012 83.517759
41.808404 1747.942662 83.616808
41.857929 1752.086217 83.715858
41.907454 1756.234678 83.814907
41.956978 1760.388044 83.913957
42.006503 1764.546315 84.013007
42.056028 1768.709492 84.112056
42.105553 1772.877575 84.211106
42.155078 1777.050562 84.310155
42.204602 1781.228455 84.409205
42.254127 1785.411254 84.508254
42.303652 1789.598958 84.607304
42.353177 1793.791567 84.706353
42.402701 1797.989082 84.805403
42.452226 1802.191502 84.904452
42.501751 1806.398827 85.003502
42.551276 1810.611058 85.102551
42.600800 1814.828195 85.201601
42.650325 1819.050236 85.300650
42.699850 1823.277184 85.399700
42.749375 1827.509036 85.498749
42.798899 1831.745794 85.597799
42.848424 1835.987457 85.696848
42.897949 1840.234026 85.795898
42.947474 1844.485500 85.894947
42.996998 1848.741880 85.993997
43.046523 1853.003165 86.093047
43.096048 1857.269355 86.192096
43.145573 1861.540451 86.291146
43.195098 1865.816452 86.390195
43.244622 1870.097359 86.489245
43.294147 1874.383171 86.588294
43.343672 1878.673888 86.687344
43.393197 1882.969511 86.786393
43.442721 1887.270039 86.885443
43.492246 1891.575473 86.984492
43.541771 1895.885812 87.083542
43.591296 1900.201056 87.182591
43.640820 1904.521206 87.281641
43.690345 1908.846261 87.380690
43.739870 1913.176222 87.479740
43.789395 1917.511088 87.578789
43.838919 1921.850859 87.677839
43.888444 1926.195536 87.776888
43.937969 1930.545118 87.875938
43.987494 1934.899606 87.974987
44.037019 1939.258999 88.074037
44.086543 1943.623298 88.173087
44.136068 1947.992502 88.272136
44.185593 1952.366611 88.371186
44.235118 1956.745625 88.470235
44.284642 1961.129546 88.569285
44.334167 1965.518371 88.668334
44.383692 1969.912102 88.767384
44.433217 1974.310738 88.866433
44.482741 1978.714280 88.965483
44.532266 1983.122727 89.064532
44.581791 1987.536079 89.163582
44.631316 1991.954337 89.262631
44.680840 1996.377501 89.361681
44.730365 2000.805569 89.460730
44.779890 2005.238543 89.559780
44.829415 2009.676423 89.658829
44.878939 2014.119208 89.757879
44.928464 2018.566898 89.856928
44.977989 2023.019494 89.955978
45.027514 2027.476995 90.055028
45.077039 2031.939402 90.154077
45.126563 2036.406714 90.253127
45.176088 2040.878931 90.352176
45.225613 2045.356054 90.451226
45.275138 2049.838082 90.550275
45.324662 2054.325015 90.649325
45.374187 2058.816854 90.748374
45.423712 2063.313599 90.847424
45.473237 2067.815249 90.946473
45.522761 2072.321804 91.045523
45.572286 2076.833264 91.144572
45.621811 2081.349630 91.243622
45.671336 2085.870902 91.342671
45.720860 2090.397078 91.441721
45.770385 2094.928161 91.540770
45.819910 2099.464148 91.639820
45.869435 2104.005041 91.738869
45.918959 2108.550840 91.837919
45.968484 2113.101544 91.936968
46.018009 2117.657153 92.036018
46.067534 2122.217667 92.135068
46.117059 2126.783087 92.234117
46.166583 2131.353413 92.333167
46.216108 2135.928644 92.432216
46.265633 2140.508780 92.531266
46.315158 2145.093822 92.630315
46.364682 2149.683769 92.729365
46.414207 2154.278621 92.828414
46.463732 2158.878379 92.927464
46.513257 2163.483042 93.026513
46.562781 2168.092611 93.125563
46.612306 2172.707085 93.224612
46.661831 2177.326464 93.323662
46.711356 2181.950749 93.422711
46.760880 2186.579940 93.521761
46.810405 2191.214035 93.620810
46.859930 2195.853036 93.719860
46.909455 2200.496943 93.818909
46.958979 2205.145755 93.917959
47.008504 2209.799472 94.017009
47.058029 2214.458095 94.116058
47.107554 2219.121623 94.215108
47.157079 2223.790056 94.314157
47.206603 2228.463395 94.413207
47.256128 2233.141640 94.512256
47.305653 2237.824789 94.611306
47.355178 2242.512844 94.710355
47.404702 2247.205805 94.809405
47.454227 2251.903671 94.908454
47.503752 2256.606442 95.007504
47.553277 2261.314119 95.106553
47.602801 2266.026701 95.205603
47.652326 2270.744189 95.304652
47.701851 2275.466582 95.403702
47.751376 2280.193880 95.502751
47.800900 2284.926084 95.601801
47.850425 2289.663193 95.700850
47.899950 2294.405208 95.799900
47.949475 2299.152128 95.898949
47.998999 2303.903953 95.997999
48.048524 2308.660684 96.097049
48.098049 2313.422320 96.196098
48.147574 2318.188862 96.295148
48.197099 2322.960309 96.394197
48.246623 2327.736661 96.493247
48.296148 2332.517919 96.592296
48.345673 2337.304082 96.691346
48.395198 2342.095151 96.790395
48.444722 2346.891125 96.889445
48.494247 2351.692004 96.988494
48.543772 2356.497789 97.087544
48.593297 2361.308479 97.186593
48.642821 2366.124075 97.285643
48.692346 2370.944576 97.384692
48.741871 2375.769982 97.483742
48.791396 2380.600294 97.582791
48.840920 2385.435511 97.681841
48.890445 2390.275634 97.780890
48.939970 2395.120662 97.879940
48.989495 2399.970596 97.978989
49.039020 2404.825434 98.078039
49.088544 2409.685179 98.177089
49.138069 2414.549828 98.276138
49.187594 2419.419384 98.375188
49.237119 2424.293844 98.474237
49.286643 2429.173210 98.573287
49.336168 2434.057481 98.672336
49.385693 2438.946658 98.771386
49.435218 2443.840740 98.870435
49.484742 2448.739728 98.969485
49.534267 2453.643620 99.068534
49.583792 2458.552419 99.167584
49.633317 2463.466123 99.266633
49.682841 2468.384732 99.365683
49.732366 2473.308246 99.464732
49.781891 2478.236666 99.563782
49.831416 2483.169991 99.662831
49.880940 2488.108222 99.761881
49.930465 2493.051358 99.860930
49.979990 2497.999400 99.959980
50.029515 2502.952347 100.059030
50.079040 2507.910199 100.158079
50.128564 2512.872957 100.257129
50.178089 2517.840620 100.356178
50.227614 2522.813189 100.455228
50.277139 2527.790663 100.554277
50.326663 2532.773042 100.653327
50.376188 2537.760327 100.752376
50.425713 2542.752517 100.851426
50.475238 2547.749613 100.950475
50.524762 2552.751614 101.049525
50.574287 2557.758520 101.148574
50.623812 2562.770332 101.247624
50.673337 2567.787049 101.346673
50.722861 2572.808672 101.445723
50.772386 2577.835200 101.544772
50.821911 2582.866633 101.643822
50.871436 2587.902972 101.742871
50.920960 2592.944216 101.841921
50.970485 2597.990366 101.940970
51.020010 2603.041421 102.040020
51.069535 2608.097381 102.139070
51.119060 2613.158247 102.238119
51.168584 2618.224018 102.337169
51.218109 2623.294695 102.436218
51.267634 2628.370277 102.535268
51.317159 2633.450765 102.634317
51.366683 2638.536158 102.733367
51.416208 2643.626456 102.832416
51.465733 2648.721659 102.931466
51.515258 2653.821769 103.030515
51.564782 2658.926783 103.129565
51.614307 2664.036703 103.228614
51.663832 2669.151528 103.327664
51.713357 2674.271259 103.426713
51.762881 2679.395895 103.525763
51.812406 2684.525437 103.624812
51.861931 2689.659883 103.723862
51.911456 2694.799236 103.822911
51.960980 2699.943494 103.921961
52.010505 2705.092657 104.021011
52.060030 2710.246725 104.120060
52.109555 2715.405699 104.219110
52.159080 2720.569578 104.318159
52.208604 2725.738363 104.417209
52.258129 2730.912053 104.516258
52.307654 2736.090649 104.615308
52.357179 2741.274150 104.714357
52.406703 2746.462556 104.813407
52.456228 2751.655868 104.912456
52.505753 2756.854085 105.011506
52.555278 2762.057208 105.110555
52.604802 2767.265236 105.209605
52.654327 2772.478169 105.308654
52.703852 2777.696008 105.407704
52.753377 2782.918752 105.506753
52.802901 2788.146402 105.605803
52.852426 2793.378957 105.704852
52.901951 2798.616417 105.803902
52.951476 2803.858783 105.902951
53.001001 2809.106054 106.002001
53.050525 2814.358231 106.101051
53.100050 2819.615313 106.200100
53.149575 2824.877300 106.299150
53.199100 2830.144193 106.398199
53.248624 2835.415991 106.497249
53.298149 2840.692695 106.596298
53.347674 2845.974304 106.695348
53.397199 2851.260818 106.794397
53.446723 2856.552238 106.893447
53.496248 2861.848563 106.992496
53.545773 2867.149794 107.091546
53.595298 2872.455930 107.190595
53.644822 2877.766972 107.289645
53.694347 2883.082918 107.388694
53.743872 2888.403771 107.487744
53.793397 2893.729528 107.586793
53.842921 2899.060191 107.685843
53.892446 2904.395760 107.784892
53.941971 2909.736234 107.883942
53.991496 2915.081613 107.982991
54.041021 2920.431898 108.082041
54.090545 2925.787088 108.181091
54.140070 2931.147183 108.280140
54.189595 2936.512184 108.379190
54.239120 2941.882091 108.478239
54.288644 2947.256902 108.577289
54.338169 2952.636619 108.676338
54.387694 2958.021242 108.775388
54.437219 2963.410770 108.874437
54.486743 2968.805203 108.973487
54.536268 2974.204542 109.072536
54.585793 2979.608786 109.171586
54.635318 2985.017936 109.270635
54.684842 2990.431991 109.369685
54.734367 2995.850951 109.468734
54.783892 3001.274817 109.567784
54.833417 3006.703588 109.666833
54.882941 3012.137264 109.765883
54.932466 3017.575846 109.864932
54.981991 3023.019334 109.963982
55.031516 3028.467727 110.063032
55.081041 3033.921025 110.162081
55.130565 3039.379228 110.261131
55.180090 3044.842337 110.360180
55.229615 3050.310352 110.459230
55.279140 3055.783272 110.558279
55.328664 3061.261097 110.657329
55.378189 3066.743827 110.756378
55.427714 3072.231463 110.855428
55.477239 3077.724005 110.954477
55.526763 3083.221452 111.053527
55.576288 3088.723804 111.152576
55.625813 3094.231062 111.251626
55.675338 3099.743225 111.350675
55.724862 3105.260293 111.449725
55.774387 3110.782267 111.548774
55.823912 3116.309146 111.647824
55.873437 3121.840931 111.746873
55.922961 3127.377621 111.845923
55.972486 3132.919216 111.944972
56.022011 3138.465717 112.044022
56.071536 3144.017123 112.143072
56.121061 3149.573435 112.242121
56.170585 3155.134652 112.341171
56.220110 3160.700775 112.440220
56.269635 3166.271802 112.539270
56.319160 3171.847736 112.638319
56.368684 3177.428574 112.737369
56.418209 3183.014319 112.836418
56.467734 3188.604968 112.935468
56.517259 3194.200523 113.034517
56.566783 3199.800983 113.133567
56.616308 3205.406349 113.232616
56.665833 3211.016620 113.331666
56.715358 3216.631797 113.430715
56.764882 3222.251879 113.529765
56.814407 3227.876866 113.628814
56.863932 3233.506759 113.727864
56.913457 3239.141557 113.826913
56.962981 3244.781260 113.925963
57.012506 3250.425869 114.025013
57.062031 3256.075384 114.124062
57.111556 3261.729803 114.223112
57.161081 3267.389129 114.322161
57.210605 3273.053359 114.421211
57.260130 3278.722495 114.520260
57.309655 3284.396536 114.619310
57.359180 3290.075483 114.718359
57.408704 3295.759335 114.817409
57.458229 3301.448093 114.916458
57.507754 3307.141756 115.015508
57.557279 3312.840324 115.114557
57.606803 3318.543798 115.213607
57.656328 3324.252177 115.312656
57.705853 3329.965462 115.411706
57.755378 3335.683652 115.510755
57.804902 3341.406747 115.609805
57.854427 3347.134748 115.708854
57.903952 3352.867654 115.807904
57.953477 3358.605466 115.906953
58.003002 3364.348183 116.006003
58.052526 3370.095806 116.105053
58.102051 3375.848333 116.204102
58.151576 3381.605767 116.303152
58.201101 3387.368105 116.402201
58.250625 3393.135349 116.501251
58.300150 3398.907499 116.600300
58.349675 3404.684554 116.699350
58.399200 3410.466514 116.798399
58.448724 3416.253380 116.897449
58.498249 3422.045151 116.996498
58.547774 3427.841827 117.095548
58.597299 3433.643409 117.194597
58.646823 3439.449896 117.293647
58.696348 3445.261289 117.392696
58.745873 3451.077587 117.491746
58.795398 3456.898791 117.590795
58.844922 3462.724899 117.689845
58.894447 3468.555914 117.788894
58.943972 3474.391833 117.887944
58.993497 3480.232659 117.986993
59.043022 3486.078389 118.086043
59.092546 3491.929025 118.185093
59.142071 3497.784566 118.284142
59.191596 3503.645013 118.383192
59.241121 3509.510365 118.482241
59.290645 3515.380623 118.581291
59.340170 3521.255786 118.680340
59.389695 3527.135854 118.779390
59.439220 3533.020828 118.878439
59.488744 3538.910707 118.977489
59.538269 3544.805492 119.076538
59.587794 3550.705182 119.175588
59.637319 3556.609777 119.274637
59.686843 3562.519278 119.373687
59.736368 3568.433684 119.472736
59.785893 3574.352995 119.571786
59.835418 3580.277212 119.670835
59.884942 3586.206335 119.769885
59.934467 3592.140363 119.868934
59.983992 3598.079296 119.967984
60.033517 3604.023134 120.067034
60.083042 3609.971878 120.166083
60.132566 3615.925528 120.265133
60.182091 3621.884083 120.364182
60.231616 3627.847543 120.463232
60.281141 3633.815908 120.562281
60.330665 3639.789179 120.661331
60.380190 3645.767356 120.760380
60.429715 3651.750438 120.859430
60.479240 3657.738425 120.958479
60.528764 3663.731318 121.057529
60.578289 3669.729116 121.156578
60.627814 3675.731819 121.255628
60.677339 3681.739428 121.354677
60.726863 3687.751942 121.453727
60.776388 3693.769362 121.552776
60.825913 3699.791687 121.651826
60.875438 3705.818917 121.750875
60.924962 3711.851053 121.849925
60.974487 3717.888095 121.948974
61.024012 3723.930041 122.048024
61.073537 3729.976893 122.147074
61.123062 3736.028651 122.246123
61.172586 3742.085314 122.345173
61.222111 3748.146882 122.444222
61.271636 3754.213356 122.543272
61.321161 3760.284735 122.642321
61.370685 3766.361019 122.741371
61.420210 3772.442209 122.840420
61.469735 3778.528305 122.939470
61.519260 3784.619305 123.038519
61.568784 3790.715212 123.137569
61.618309 3796.816023 123.236618
61.667834 3802.921740 123.335668
61.717359 3809.032362 123.434717
61.766883 3815.147890 123.533767
61.816408 3821.268323 123.632816
61.865933 3827.393662 123.731866
61.915458 3833.523906 123.830915
61.964982 3839.659055 123.929965
62.014507 3845.799110 124.029015
62.064032 3851.944070 124.128064
62.113557 3858.093936 124.227114
62.163082 3864.248707 124.326163
62.212606 3870.408383 124.425213
62.262131 3876.572965 124.524262
62.311656 3882.742452 124.623312
62.361181 3888.916845 124.722361
62.410705 3895.096143 124.821411
62.460230 3901.280346 124.920460
62.509755 3907.469455 125.019510
62.559280 3913.663469 125.118559
62.608804 3919.862389 125.217609
62.658329 3926.066214 125.316658
62.707854 3932.274944 125.415708
62.757379 3938.488580 125.514757
62.806903 3944.707121 125.613807
62.856428 3950.930568 125.712856
62.905953 3957.158920 125.811906
62.955478 3963.392177 125.910955
63.005003 3969.630340 126.010005
63.054527 3975.873408 126.109055
63.104052 3982.121382 126.208104
63.153577 3988.374261 126.307154
63.203102 3994.632046 126.406203
63.252626 4000.894736 126.505253
63.302151 4007.162331 126.604302
63.351676 4013.434831 126.703352
63.401201 4019.712238 126.802401
63.450725 4025.994549 126.901451
63.500250 4032.281766 127.000500
63.549775 4038.573888 127.099550
63.599300 4044.870916 127.198599
63.648824 4051.172849 127.297649
63.698349 4057.479688 127.396698
63.747874 4063.791431 127.495748
63.797399 4070.108081 127.594797
63.846923 4076.429636 127.693847
63.896448 4082.756096 127.792896
63.945973 4089.087461 127.891946
63.995498 4095.423732 127.990995
64.045023 4101.764908 128.090045
64.094547 4108.110990 128.189095
64.144072 4114.461977 128.288144
64.193597 4120.817870 128.387194
64.243122 4127.178668 128.486243
64.292646 4133.544371 128.585293
64.342171 4139.914980 128.684342
64.391696 4146.290494 128.783392
64.441221 4152.670914 128.882441
64.490745 4159.056239 128.981491
64.540270 4165.446469 129.080540
64.589795 4171.841605 129.179590
64.639320 4178.241646 129.278639
64.688844 4184.646593 129.377689
64.738369 4191.056445 129.476738
64.787894 4197.471202 129.575788
64.837419 4203.890865 129.674837
64.886943 4210.315433 129.773887
64.936468 4216.744907 129.872936
64.985993 4223.179286 129.971986
65.035518 4229.618570 130.071036
65.085043 4236.062760 130.170085
65.134567 4242.511855 130.269135
65.184092 4248.965856 130.368184
65.233617 4255.424762 130.467234
65.283142 4261.888573 130.566283
65.332666 4268.357290 130.665333
65.382191 4274.830912 130.764382
65.431716 4281.309440 130.863432
65.481241 4287.792873 130.962481
65.530765 4294.281212 131.061531
65.580290 4300.774456 131.160580
65.629815 4307.272605 131.259630
65.679340 4313.775659 131.358679
65.728864 4320.283620 131.457729
65.778389 4326.796485 131.556778
65.827914 4333.314256 131.655828
65.877439 4339.836932 131.754877
65.926963 4346.364514 131.853927
65.976488 4352.897001 131.952976
66.026013 4359.434394 132.052026
66.075538 4365.976691 132.151076
66.125063 4372.523895 132.250125
66.174587 4379.076003 132.349175
66.224112 4385.633018 132.448224
66.273637 4392.194937 132.547274
66.323162 4398.761762 132.646323
66.372686 4405.333492 132.745373
66.422211 4411.910128 132.844422
66.471736 4418.491669 132.943472
66.521261 4425.078116 133.042521
66.570785 4431.669468 133.141571
66.620310 4438.265725 133.240620
66.669835 4444.866888 133.339670
66.719360 4451.472956 133.438719
66.768884 4458.083930 133.537769
66.818409 4464.699809 133.636818
66.867934 4471.320593 133.735868
66.917459 4477.946283 133.834917
66.966983 4484.576878 133.933967
67.016508 4491.212379 134.033017
67.066033 4497.852785 134.132066
67.115558 4504.498096 134.231116
67.165083 4511.148313 134.330165
67.214607 4517.803435 134.429215
67.264132 4524.463463 134.528264
67.313657 4531.128396 134.627314
67.363182 4537.798234 134.726363
67.412706 4544.472978 134.825413
67.462231 4551.152627 134.924462
67.511756 4557.837182 135.023512
67.561281 4564.526642 135.122561
67.610805 4571.221007 135.221611
67.660330 4577.920278 135.320660
67.709855 4584.624454 135.419710
67.759380 4591.333536 135.518759
67.808904 4598.047523 135.617809
67.858429 4604.766415 135.716858
67.907954 4611.490213 135.815908
67.957479 4618.218917 135.914957
68.007004 4624.952525 136.014007
68.056528 4631.691039 136.113057
68.106053 4638.434459 136.212106
68.155578 4645.182784 136.311156
68.205103 4651.936014 136.410205
68.254627 4658.694150 136.509255
68.304152 4665.457191 136.608304
68.353677 4672.225137 136.707354
68.403202 4678.997989 136.806403
68.452726 4685.775747 136.905453
68.502251 4692.558409 137.004502
68.551776 4699.345977 137.103552
68.601301 4706.138451 137.202601
68.650825 4712.935830 137.301651
68.700350 4719.738114 137.400700
68.749875 4726.545304 137.499750
68.799400 4733.357399 137.598799
68.848924 4740.174400 137.697849
68.898449 4746.996306 137.796898
68.947974 4753.823117 137.895948
68.997499 4760.654834 137.994997
69.047024 4767.491456 138.094047
69.096548 4774.332983 138.193097
69.146073 4781.179416 138.292146
69.195598 4788.030755 138.391196
69.245123 4794.886999 138.490245
69.294647 4801.748148 138.589295
69.344172 4808.614202 138.688344
69.393697 4815.485162 138.787394
69.443222 4822.361028 138.886443
69.492746 4829.241798 138.985493
69.542271 4836.127475 139.084542
69.591796 4843.018056 139.183592
69.641321 4849.913543 139.282641
69.690845 4856.813936 139.381691
69.740370 4863.719234 139.480740
69.789895 4870.629437 139.579790
69.839420 4877.544545 139.678839
69.888944 4884.464559 139.777889
69.938469 4891.389479 139.876938
69.987994 4898.319304 139.975988
70.037519 4905.254034 140.075038
70.087044 4912.193670 140.174087
70.136568 4919.138211 140.273137
70.186093 4926.087657 140.372186
70.235618 4933.042009 140.471236
70.285143 4940.001266 140.570285
70.334667 4946.965429 140.669335
70.384192 4953.934497 140.768384
70.433717 4960.908470 140.867434
70.483242 4967.887349 140.966483
70.532766 4974.871134 141.065533
70.582291 4981.859823 141.164582
70.631816 4988.853418 141.263632
70.681341 4995.851919 141.362681
70.730865 5002.855325 141.461731
70.780390 5009.863636 141.560780
70.829915 5016.876853 141.659830
70.879440 5023.894975 141.758879
70.928964 5030.918003 141.857929
70.978489 5037.945935 141.956978
71.028014 5044.978774 142.056028
71.077539 5052.016518 142.155078
71.127064 5059.059167 142.254127
71.176588 5066.106721 142.353177
71.226113 5073.159181 142.452226
71.275638 5080.216546 142.551276
71.325163 5087.278817 142.650325
71.374687 5094.345993 142.749375
71.424212 5101.418075 142.848424
71.473737 5108.495062 142.947474
71.523262 5115.576954 143.046523
71.572786 5122.663752 143.145573
71.622311 5129.755455 143.244622
71.671836 5136.852064 143.343672
71.721361 5143.953578 143.442721
71.770885 5151.059997 143.541771
71.820410 5158.171322 143.640820
71.869935 5165.287552 143.739870
71.919460 5172.408688 143.838919
71.968984 5179.534729 143.937969
72.018509 5186.665675 144.037019
72.068034 5193.801527 144.136068
72.117559 5200.942284 144.235118
72.167084 5208.087947 144.334167
72.216608 5215.238515 144.433217
72.266133 5222.393988 144.532266
72.315658 5229.554367 144.631316
72.365183 5236.719651 144.730365
72.414707 5243.889841 144.829415
72.464232 5251.064936 144.928464
72.513757 5258.244937 145.027514
72.563282 5265.429842 145.126563
72.612806 5272.619654 145.225613
72.662331 5279.814370 145.324662
72.711856 5287.013992 145.423712
72.761381 5294.218520 145.522761
72.810905 5301.427953 145.621811
72.860430 5308.642291 145.720860
72.909955 5315.861535 145.819910
72.959480 5323.085684 145.918959
73.009005 5330.314738 146.018009
73.058529 5337.548698 146.117059
73.108054 5344.787564 146.216108
73.157579 5352.031334 146.315158
73.207104 5359.280010 146.414207
73.256628 5366.533592 146.513257
73.306153 5373.792079 146.612306
73.355678 5381.055471 146.711356
73.405203 5388.323769 146.810405
73.454727 5395.596972 146.909455
73.504252 5402.875081 147.008504
73.553777 5410.158095 147.107554
73.603302 5417.446014 147.206603
73.652826 5424.738839 147.305653
73.702351 5432.036569 147.404702
73.751876 5439.339204 147.503752
73.801401 5446.646745 147.602801
73.850925 5453.959192 147.701851
73.900450 5461.276543 147.800900
73.949975 5468.598801 147.899950
73.999500 5475.925963 147.998999
74.049025 5483.258031 148.098049
74.098549 5490.595005 148.197099
74.148074 5497.936883 148.296148
74.197599 5505.283668 148.395198
74.247124 5512.635357 148.494247
74.296648 5519.991952 148.593297
74.346173 5527.353453 148.692346
74.395698 5534.719858 148.791396
74.445223 5542.091170 148.890445
74.494747 5549.467386 148.989495
74.544272 5556.848508 149.088544
74.593797 5564.234536 149.187594
74.643322 5571.625469 149.286643
74.692846 5579.021307 149.385693
74.742371 5586.422050 149.484742
74.791896 5593.827699 149.583792
74.841421 5601.238254 149.682841
74.890945 5608.653714 149.781891
74.940470 5616.074079 149.880940
74.989995 5623.499350 149.979990
75.039520 5630.929526 150.079040
75.089045 5638.364607 150.178089
75.138569 5645.804594 150.277139
75.188094 5653.249486 150.376188
75.237619 5660.699284 150.475238
75.287144 5668.153987 150.574287
75.336668 5675.613596 150.673337
75.386193 5683.078110 150.772386
75.435718 5690.547529 150.871436
75.485243 5698.021854 150.970485
75.534767 5705.501084 151.069535
75.584292 5712.985219 151.168584
75.633817 5720.474260 151.267634
75.683342 5727.968206 151.366683
75.732866 5735.467058 151.465733
75.782391 5742.970815 151.564782
75.831916 5750.479478 151.663832
75.881441 5757.993046 151.762881
75.930965 5765.511519 151.861931
75.980490 5773.034898 151.960980
76.030015 5780.563182 152.060030
76.079540 5788.096372 152.159080
76.129065 5795.634467 152.258129
76.178589 5803.177467 152.357179
76.228114 5810.725373 152.456228
76.277639 5818.278184 152.555278
76.327164 5825.835900 152.654327
76.376688 5833.398522 152.753377
76.426213 5840.966050 152.852426
76.475738 5848.538483 152.951476
76.525263 5856.115821 153.050525
76.574787 5863.698064 153.149575
76.624312 5871.285213 153.248624
76.673837 5878.877268 153.347674
76.723362 5886.474228 153.446723
76.772886 5894.076093 153.545773
76.822411 5901.682863 153.644822
76.871936 5909.294539 153.743872
76.921461 5916.911121 153.842921
76.970985 5924.532608 153.941971
77.020510 5932.159000 154.041021
77.070035 5939.790298 154.140070
77.119560 5947.426501 154.239120
77.169085 5955.067609 154.338169
77.218609 5962.713623 154.437219
77.268134 5970.364542 154.536268
77.317659 5978.020367 154.635318
77.367184 5985.681097 154.734367
77.416708 5993.346732 154.833417
77.466233 6001.017273 154.932466
77.515758 6008.692720 155.031516
77.565283 6016.373071 155.130565
77.614807 6024.058328 155.229615
77.664332 6031.748491 155.328664
77.713857 6039.443559 155.427714
77.763382 6047.143532 155.526763
77.812906 6054.848411 155.625813
77.862431 6062.558195 155.724862
77.911956 6070.272884 155.823912
77.961481 6077.992479 155.922961
78.011006 6085.716980 156.022011
78.060530 6093.446385 156.121061
78.110055 6101.180696 156.220110
78.159580 6108.919913 156.319160
78.209105 6116.664035 156.418209
78.258629 6124.413062 156.517259
78.308154 6132.166995 156.616308
78.357679 6139.925833 156.715358
78.407204 6147.689577 156.814407
78.456728 6155.458226 156.913457
78.506253 6163.231780 157.012506
78.555778 6171.010240 157.111556
78.605303 6178.793605 157.210605
78.654827 6186.581875 157.309655
78.704352 6194.375051 157.408704
78.753877 6202.173133 157.507754
78.803402 6209.976120 157.606803
78.852926 6217.784012 157.705853
78.902451 6225.596809 157.804902
78.951976 6233.414512 157.903952
79.001501 6241.237121 158.003002
79.051026 6249.064635 158.102051
79.100550 6256.897054 158.201101
79.150075 6264.734378 158.300150
79.199600 6272.576608 158.399200
79.249125 6280.423744 158.498249
79.298649 6288.275785 158.597299
79.348174 6296.132731 158.696348
79.397699 6303.994583 158.795398
79.447224 6311.861340 158.894447
79.496748 6319.733002 158.993497
79.546273 6327.609570 159.092546
79.595798 6335.491043 159.191596
79.645323 6343.377422 159.290645
79.694847 6351.268706 159.389695
79.744372 6359.164895 159.488744
79.793897 6367.065990 159.587794
79.843422 6374.971990 159.686843
79.892946 6382.882896 159.785893
79.942471 6390.798707 159.884942
79.991996 6398.719424 159.983992
80.041521 6406.645046 160.083042
80.091046 6414.575573 160.182091
80.140570 6422.511006 160.281141
80.190095 6430.451344 160.380190
80.239620 6438.396587 160.479240
80.289145 6446.346736 160.578289
80.338669 6454.301790 160.677339
80.388194 6462.261750 160.776388
80.437719 6470.226615 160.875438
80.487244 6478.196386 160.974487
80.536768 6486.171062 161.073537
80.586293 6494.150643 161.172586
80.635818 6502.135130 161.271636
80.685343 6510.124522 161.370685
80.734867 6518.118820 161.469735
80.784392 6526.118022 161.568784
80.833917 6534.122131 161.667834
80.883442 6542.131145 161.766883
80.932966 6550.145064 161.865933
80.982491 6558.163888 161.964982
81.032016 6566.187618 162.064032
81.081541 6574.216254 162.163082
81.131066 6582.249794 162.262131
81.180590 6590.288241 162.361181
81.230115 6598.331592 162.460230
81.279640 6606.379849 162.559280
81.329165 6614.433012 162.658329
81.378689 6622.491079 162.757379
81.428214 6630.554053 162.856428
81.477739 6638.621931 162.955478
81.527264 6646.694715 163.054527
81.576788 6654.772405 163.153577
81.626313 6662.855000 163.252626
81.675838 6670.942500 163.351676
81.725363 6679.034905 163.450725
81.774887 6687.132216 163.549775
81.824412 6695.234433 163.648824
81.873937 6703.341555 163.747874
81.923462 6711.453582 163.846923
81.972986 6719.570515 163.945973
82.022511 6727.692353 164.045023
82.072036 6735.819096 164.144072
82.121561 6743.950745 164.243122
82.171086 6752.087299 164.342171
82.220610 6760.228759 164.441221
82.270135 6768.375124 164.540270
82.319660 6776.526395 164.639320
82.369185 6784.682570 164.738369
82.418709 6792.843652 164.837419
82.468234 6801.009638 164.936468
82.517759 6809.180530 165.035518
82.567284 6817.356328 165.134567
82.616808 6825.537031 165.233617
82.666333 6833.722639 165.332666
82.715858 6841.913153 165.431716
82.765383 6850.108572 165.530765
82.814907 6858.308897 165.629815
82.864432 6866.514126 165.728864
82.913957 6874.724262 165.827914
82.963482 6882.939303 165.926963
83.013007 6891.159249 166.026013
83.062531 6899.384100 166.125063
83.112056 6907.613857 166.224112
83.161581 6915.848520 166.323162
83.211106 6924.088087 166.422211
83.260630 6932.332560 166.521261
83.310155 6940.581939 166.620310
83.359680 6948.836223 166.719360
83.409205 6957.095412 166.818409
83.458729 6965.359507 166.917459
83.508254 6973.628507 167.016508
83.557779 6981.902413 167.115558
83.607304 6990.181224 167.214607
83.656828 6998.464940 167.313657
83.706353 7006.753562 167.412706
83.755878 7015.047089 167.511756
83.805403 7023.345522 167.610805
83.854927 7031.648860 167.709855
83.904452 7039.957103 167.808904
83.953977 7048.270252 167.907954
84.003502 7056.588306 168.007004
84.053027 7064.911266 168.106053
84.102551 7073.239131 168.205103
84.152076 7081.571902 168.304152
84.201601 7089.909577 168.403202
84.251126 7098.252159 168.502251
84.300650 7106.599645 168.601301
84.350175 7114.952037 168.700350
84.399700 7123.309335 168.799400
84.449225 7131.671538 168.898449
84.498749 7140.038646 168.997499
84.548274 7148.410660 169.096548
84.597799 7156.787579 169.195598
84.647324 7165.169403 169.294647
84.696848 7173.556133 169.393697
84.746373 7181.947768 169.492746
84.795898 7190.344309 169.591796
84.845423 7198.745755 169.690845
84.894947 7207.152107 169.789895
84.944472 7215.563363 169.888944
84.993997 7223.979526 169.987994
85.043522 7232.400593 170.087044
85.093047 7240.826567 170.186093
85.142571 7249.257445 170.285143
85.192096 7257.693229 170.384192
85.241621 7266.133918 170.483242
85.291146 7274.579513 170.582291
85.340670 7283.030013 170.681341
85.390195 7291.485419 170.780390
85.439720 7299.945730 170.879440
85.489245 7308.410946 170.978489
85.538769 7316.881068 171.077539
85.588294 7325.356095 171.176588
85.637819 7333.836028 171.275638
85.687344 7342.320866 171.374687
85.736868 7350.810609 171.473737
85.786393 7359.305258 171.572786
85.835918 7367.804812 171.671836
85.885443 7376.309271 171.770885
85.934967 7384.818636 171.869935
85.984492 7393.332907 171.968984
86.034017 7401.852083 172.068034
86.083542 7410.376164 172.167084
86.133067 7418.905150 172.266133
86.182591 7427.439042 172.365183
86.232116 7435.977840 172.464232
86.281641 7444.521543 172.563282
86.331166 7453.070151 172.662331
86.380690 7461.623665 172.761381
86.430215 7470.182084 172.860430
86.479740 7478.745408 172.959480
86.529265 7487.313638 173.058529
86.578789 7495.886773 173.157579
86.628314 7504.464814 173.256628
86.677839 7513.047760 173.355678
86.727364 7521.635611 173.454727
86.776888 7530.228368 173.553777
86.826413 7538.826030 173.652826
86.875938 7547.428598 173.751876
86.925463 7556.036071 173.850925
86.974987 7564.648450 173.949975
87.024512 7573.265733 174.049025
87.074037 7581.887923 174.148074
87.123562 7590.515017 174.247124
87.173087 7599.147017 174.346173
87.222611 7607.783923 174.445223
87.272136 7616.425734 174.544272
87.321661 7625.072450 174.643322
87.371186 7633.724072 174.742371
87.420710 7642.380599 174.841421
87.470235 7651.042032 174.940470
87.519760 7659.708369 175.039520
87.569285 7668.379613 175.138569
87.618809 7677.055761 175.237619
87.668334 7685.736816 175.336668
87.717859 7694.422775 175.435718
87.767384 7703.113640 175.534767
87.816908 7711.809410 175.633817
87.866433 7720.510086 175.732866
87.915958 7729.215667 175.831916
87.965483 7737.926154 175.930965
88.015008 7746.641546 176.030015
88.064532 7755.361843 176.129065
88.114057 7764.087046 176.228114
88.163582 7772.817154 176.327164
88.213107 7781.552168 176.426213
88.262631 7790.292087 176.525263
88.312156 7799.036911 176.624312
88.361681 7807.786641 176.723362
88.411206 7816.541276 176.822411
88.460730 7825.300817 176.921461
88.510255 7834.065263 177.020510
88.559780 7842.834614 177.119560
88.609305 7851.608871 177.218609
88.658829 7860.388033 177.317659
88.708354 7869.172101 177.416708
88.757879 7877.961074 177.515758
88.807404 7886.754952 177.614807
88.856928 7895.553736 177.713857
88.906453 7904.357425 177.812906
88.955978 7913.166020 177.911956
89.005503 7921.979520 178.011006
89.055028 7930.797925 178.110055
89.104552 7939.621236 178.209105
89.154077 7948.449453 178.308154
89.203602 7957.282574 178.407204
89.253127 7966.120601 178.506253
89.302651 7974.963534 178.605303
89.352176 7983.811372 178.704352
89.401701 7992.664115 178.803402
89.451226 8001.521764 178.902451
89.500750 8010.384318 179.001501
89.550275 8019.251777 179.100550
89.599800 8028.124142 179.199600
89.649325 8037.001412 179.298649
89.698849 8045.883588 179.397699
89.748374 8054.770669 179.496748
89.797899 8063.662656 179.595798
89.847424 8072.559548 179.694847
89.896948 8081.461345 179.793897
89.946473 8090.368048 179.892946
89.995998 8099.279656 179.991996
90.045523 8108.196169 180.091046
90.095048 8117.117588 180.190095
90.144572 8126.043913 180.289145
90.194097 8134.975142 180.388194
90.243622 8143.911278 180.487244
90.293147 8152.852318 180.586293
90.342671 8161.798264 180.685343
90.392196 8170.749115 180.784392
90.441721 8179.704872 180.883442
90.491246 8188.665534 180.982491
90.540770 8197.631102 181.081541
90.590295 8206.601575 181.180590
90.639820 8215.576953 181.279640
90.689345 8224.557237 181.378689
90.738869 8233.542426 181.477739
90.788394 8242.532521 181.576788
90.837919 8251.527521 181.675838
90.887444 8260.527426 181.774887
90.936968 8269.532237 181.873937
90.986493 8278.541953 181.972986
91.036018 8287.556575 182.072036
91.085543 8296.576102 182.171086
91.135068 8305.600534 182.270135
91.184592 8314.629872 182.369185
91.234117 8323.664115 182.468234
91.283642 8332.703264 182.567284
91.333167 8341.747318 182.666333
91.382691 8350.796278 182.765383
91.432216 8359.850142 182.864432
91.481741 8368.908913 182.963482
91.531266 8377.972588 183.062531
91.580790 8387.041169 183.161581
91.630315 8396.114656 183.260630
91.679840 8405.193048 183.359680
91.729365 8414.276345 183.458729
91.778889 8423.364548 183.557779
91.828414 8432.457656 183.656828
91.877939 8441.555669 183.755878
91.927464 8450.658588 183.854927
91.976988 8459.766412 183.953977
92.026513 8468.879142 184.053027
92.076038 8477.996777 184.152076
92.125563 8487.119318 184.251126
92.175088 8496.246764 184.350175
92.224612 8505.379115 184.449225
92.274137 8514.516372 184.548274
92.323662 8523.658534 184.647324
92.373187 8532.805601 184.746373
92.422711 8541.957574 184.845423
92.472236 8551.114453 184.944472
92.521761 8560.276236 185.043522
92.571286 8569.442926 185.142571
92.620810 8578.614520 185.241621
92.670335 8587.791020 185.340670
92.719860 8596.972425 185.439720
92.769385 8606.158736 185.538769
92.818909 8615.349952 185.637819
92.868434 8624.546074 185.736868
92.917959 8633.747101 185.835918
92.967484 8642.953033 185.934967
93.017009 8652.163871 186.034017
93.066533 8661.379614 186.133067
93.116058 8670.600263 186.232116
93.165583 8679.825817 186.331166
93.215108 8689.056276 186.430215
93.264632 8698.291641 186.529265
93.314157 8707.531911 186.628314
93.363682 8716.777087 186.727364
93.413207 8726.027168 186.826413
93.462731 8735.282154 186.925463
93.512256 8744.542046 187.024512
93.561781 8753.806843 187.123562
93.611306 8763.076546 187.222611
93.660830 8772.351154 187.321661
93.710355 8781.630668 187.420710
93.759880 8790.915086 187.519760
93.809405 8800.204411 187.618809
93.858929 8809.498640 187.717859
93.908454 8818.797775 187.816908
93.957979 8828.101816 187.915958
94.007504 8837.410762 188.015008
94.057029 8846.724613 188.114057
94.106553 8856.043370 188.213107
94.156078 8865.367032 188.312156
94.205603 8874.695599 188.411206
94.255128 8884.029072 188.510255
94.304652 8893.367450 188.609305
94.354177 8902.710734 188.708354
94.403702 8912.058923 188.807404
94.453227 8921.412018 188.906453
94.502751 8930.770018 189.005503
94.552276 8940.132923 189.104552
94.601801 8949.500734 189.203602
94.651326 8958.873450 189.302651
94.700850 8968.251071 189.401701
94.750375 8977.633598 189.500750
94.799900 8987.021031 189.599800
94.849425 8996.413368 189.698849
94.898949 9005.810611 189.797899
94.948474 9015.212760 189.896948
94.997999 9024.619814 189.995998
95.047524 9034.031773 190.095048
95.097049 9043.448638 190.194097
95.146573 9052.870408 190.293147
95.196098 9062.297084 190.392196
95.245623 9071.728665 190.491246
95.295148 9081.165151 190.590295
95.344672 9090.606543 190.689345
95.394197 9100.052840 190.788394
95.443722 9109.504043 190.887444
95.493247 9118.960151 190.986493
95.542771 9128.421164 191.085543
95.592296 9137.887083 191.184592
95.641821 9147.357907 191.283642
95.691346 9156.833637 191.382691
95.740870 9166.314272 191.481741
95.790395 9175.799812 191.580790
95.839920 9185.290258 191.679840
95.889445 9194.785609 191.778889
95.938969 9204.285866 191.877939
95.988494 9213.791028 191.976988
96.038019 9223.301095 192.076038
96.087544 9232.816068 192.175088
96.137069 9242.335946 192.274137
96.186593 9251.860730 192.373187
96.236118 9261.390419 192.472236
96.285643 9270.925014 192.571286
96.335168 9280.464513 192.670335
96.384692 9290.008919 192.769385
96.434217 9299.558229 192.868434
96.483742 9309.112445 192.967484
96.533267 9318.671567 193.066533
96.582791 9328.235594 193.165583
96.632316 9337.804526 193.264632
96.681841 9347.378364 193.363682
96.731366 9356.957107 193.462731
96.780890 9366.540755 193.561781
96.830415 9376.129309 193.660830
96.879940 9385.722769 193.759880
96.929465 9395.321133 193.858929
96.978989 9404.924403 193.957979
97.028514 9414.532579 194.057029
97.078039 9424.145660 194.156078
97.127564 9433.763646 194.255128
97.177089 9443.386538 194.354177
97.226613 9453.014335 194.453227
97.276138 9462.647038 194.552276
97.325663 9472.284646 194.651326
97.375188 9481.927159 194.750375
97.424712 9491.574578 194.849425
97.474237 9501.226902 194.948474
97.523762 9510.884131 195.047524
97.573287 9520.546266 195.146573
97.622811 9530.213307 195.245623
97.672336 9539.885253 195.344672
97.721861 9549.562104 195.443722
97.771386 9559.243860 195.542771
97.820910 9568.930522 195.641821
97.870435 9578.622090 195.740870
97.919960 9588.318562 195.839920
97.969485 9598.019941 195.938969
98.019010 9607.726224 196.038019
98.068534 9617.437413 196.137069
98.118059 9627.153508 196.236118
98.167584 9636.874508 196.335168
98.217109 9646.600413 196.434217
98.266633 9656.331223 196.533267
98.316158 9666.066939 196.632316
98.365683 9675.807561 196.731366
98.415208 9685.553088 196.830415
98.464732 9695.303520 196.929465
98.514257 9705.058858 197.028514
98.563782 9714.819101 197.127564
98.613307 9724.584249 197.226613
98.662831 9734.354303 197.325663
98.712356 9744.129262 197.424712
98.761881 9753.909127 197.523762
98.811406 9763.693897 197.622811
98.860930 9773.483572 197.721861
98.910455 9783.278153 197.820910
98.959980 9793.077640 197.919960
99.009505 9802.882031 198.019010
99.059030 9812.691328 198.118059
99.108554 9822.505531 198.217109
99.158079 9832.324639 198.316158
99.207604 9842.148652 198.415208
99.257129 9851.977571 198.514257
99.306653 9861.811395 198.613307
99.356178 9871.650124 198.712356
99.405703 9881.493759 198.811406
99.455228 9891.342300 198.910455
99.504752 9901.195745 199.009505
99.554277 9911.054097 199.108554
99.603802 9920.917353 199.207604
99.653327 9930.785515 199.306653
99.702851 9940.658582 199.405703
99.752376 9950.536555 199.504752
99.801901 9960.419433 199.603802
99.851426 9970.307217 199.702851
99.900950 9980.199906 199.801901
99.950475 9990.097500 199.900950
100.000000 10000.000000 200.000000
