0.000000 0.000000 0.000000
0.000000 0.000000 0.000000
0.000000 0.000000 0.000000
0.000000 0.000000 0.000000
0.000000 0.000000 0.000000
0.000000 0.000000 0.000000
0.000000 0.000000 0.000000
0.000000 0.000000 0.000000
0.000000 0.000000 0.000000
0.000000 0.000000 0.000000
0.000000 0.000000 0.000000
0.000000 0.000000 0.000000
0.000000 0.000000 0.000000
0.000000 0.000000 0.000000
0.000000 194876306538567708302424400158988280575598324499017703650065882943341209082091342849381850601582206900102819765636851141446664661798952946767029538019143015887627406527130754013461217787668246909784840721249456280372220967694670757888.000000 0.000000
0.000000 0.000000 0.000000
0.000000 0.000000 0.000000
0.000000 0.000000 0.000000
0.000000 1145113809849383012275550238074823622428270119152930512064432983113598269678225906322766457734570538747342315440069974975588857427382612834746182714271997597648613098843846294002903144590075643819318891041036156699158221759429613882740144340992.000000 0.000000
0.000000 0.000000 0.000000
0.000000 0.000000 0.000000
0.000000 0.000000 0.000000
0.000000 62065007575590669007011430950351990724571701875971108399994228587444390507494742666863095919881653755128338380994927881849214477194977395100136748946017649262655385625347314765611007351123954087428350565996689847402140532736.000000 0.000000
21133123957739576759695864975204702095349921350364391305141301951462289327875349213928823228323276483988558832226179449623126569007287688453012394168462130602827295829242182371529068252729381958795368562584602017792.000000 0.000000 0.000000
6077807943572228383964781920120838600222966155764667546500537568283844657008388553136810517197617402384090849305508776699624525793903919417040151584674202517958114955644476841787392.000000 0.000000 0.000000
0.000000 0.000000 0.000000
0.000000 0.000000 0.000000
0.000000 0.000000 0.000000
472234320325201361076359471776853579476064264276937283571410653020967217666727886132890579101450484040045193096418362126700362980703260498138280767652919185731699340315355697385244885533476203333887332434497511536089361374854137309145775467637297332856291328.000000 0.000000 0.000000
0.000000 0.000000 0.000000
0.000000 1899004784371895318834930674639616649959714880692900419218425501254807716905212688312386333709514741350897005530620073987584458071570721235090633229679601149094015926649231000000362263986627663327003301696645116834623625165399409230282301880748074611315676402417664000.000000 0.000000
0.000000 2649890744134975279063390158580254462554092681968776717154798182267801861596857049011200729248005200175720223660917157196090752946063525137509640670080458067680429758234561278377984.000000 0.000000
7235558860625562862491870304755349043070762791613067637811044438481337976996980445757174311076020130811872373657577143828332385413580938002114186935221608225890631680.000000 0.000000 0.000000
0.000000 0.000000 0.000000
0.000000 0.000000 0.000000
0.000000 0.000000 0.000000
768755680984658024297446560940039440953166233759414616270554055632401798609125945494943034949657845106157079419592772156438255083778422650049626905531223816643005867098112.000000 0.000000 0.000000
0.000000 0.000000 0.000000
0.000000 0.000000 0.000000
0.000000 0.000000 0.000000
136730191486378728721751607733231626223337129569918684873047524421521233901234573777825094654055466162156868911700805890957574876770206509424711970018471499005952.000000 0.000000 0.000000
0.000000 0.000000 0.000000
0.000000 0.000000 0.000000
0.000000 0.000000 0.000000
73451826913002439242581203704907571329237265404906732445703935535631710855024326363881501795572708587670606219818344712042777482819757576477954202683172191793462620441373965885023942018939187678111728509544735329473945141248.000000 0.000000 0.000000
5802222547951848796913653999899363332129487326596022308944849161663729698372842032829571702282033440048895544998645228693493835183313907387072365927538225275917049851857328754655232.000000 0.000000 0.000000
0.000000 0.000000 0.000000
0.000000 0.000000 0.000000
0.000000 0.000000 0.000000
11707577165394070781979984856399735448019559726119889195513650163349571199615483596781411137197150311385338007936980637092005286840333837021060120395607184134790101171753852287194187254293967628445447759229976838144.000000 0.000000 0.000000
8894927933047180607620966623890266447412714530566928619587304978280765526914736597830312588441927123724246632544979302036371274739980189812773061238389665749491234163109780927619607063593715114419164703278225528198284786599502472885923893906360688967680.000000 0.000000 0.000000
0.000000 0.000000 0.000000
0.000000 0.000000 0.000000
0.000000 0.000000 0.000000
99408649553976719245909993805073684119544822326248259227107894734087324362564732505033956608950127790573312098308553802563934778962559500247899430893365399749901413931830159924912911548892300236434298694862127152092702832233512809204589812521107456.000000 0.000000 0.000000
0.000000 0.000000 0.000000
0.000000 0.000000 0.000000
0.000000 0.000000 0.000000
10738236776245293271737962525858320722197113506926479493914721665589072226833242455456561176651138673834024801609583348037939472394576976080581586615974110477256393449808320039067059754606191308168093401868574976881235473001886675829125998546419390654096401177394529815920377856.000000 0.000000 0.000000
0.000000 0.000000 0.000000
0.000000 0.000000 0.000000
0.000000 0.000000 0.000000
5812408443348077737589656506205035775505271652503910102287936753378534576563837691603607846660416664911956325021323430098489558665001451538609726357295568889771599274709257539289088.000000 0.000000 0.000000
0.000000 0.000000 0.000000
0.000000 0.000000 0.000000
0.000000 0.000000 0.000000
0.000000 0.000000 0.000000
0.000000 0.000000 0.000000
0.000000 0.000000 0.000000
472234320325201361076359471776853579476064264276937283571410653020967217666727886132890579101450484040045193096418362126700362980703260498138280767652919185731699340315355697385244885533476203333887332434497511536089361374854137309145775467637297332856291328.000000 0.000000 0.000000
0.000000 0.000000 0.000000
0.000000 0.000000 0.000000
0.000000 0.000000 0.000000
1145113809849383012275550238074823622428270119152930512064432983113598269678225906322766457734570538747342315440069974975588857427382612834746182714271997597648613098843846294002903144590075643819318891041036156699158221759429613882740144340992.000000 0.000000 0.000000
0.000000 0.000000 0.000000
0.000000 0.000000 0.000000
0.000000 0.000000 0.000000
28523627030203851592241138523905916383892393450235497280276700047428813843477977461332178120101059418409067862043511855883619524867403833454635572527104.000000 0.000000 0.000000
0.000000 0.000000 0.000000
0.000000 0.000000 0.000000
0.000000 0.000000 0.000000
472234320325201361076359471776853579476064264276937283571410653020967217666727886132890579101450484040045193096418362126700362980703260498138280767652919185731699340315355697385244885533476203333887332434497511536089361374854137309145775467637297332856291328.000000 0.000000 0.000000
0.000000 0.000000 0.000000
0.000000 0.000000 0.000000
0.000000 0.000000 0.000000
135507323888117036502762407024528711307484193579519495534637949236827831045559627440144181446714353921423918469183998245623596580786505631696558742337588963965269438540672932204254854366994045613864664550396777023880628138604621728019541263770451968.000000 0.000000 0.000000
0.000000 0.000000 0.000000
0.000000 0.000000 0.000000
0.000000 0.000000 0.000000
4914611568437307075148564420572943759915604742522387891202585833827432043675891906340673448636533453721223643687809034337107989004168939711045098106691300697798230008904077847877690407343952866935542863100272506912273477080695266216438036955146871635968.000000 0.000000 0.000000
0.000000 0.000000 0.000000
0.000000 0.000000 0.000000
0.000000 0.000000 0.000000
0.000000 0.000000 0.000000
0.000000 0.000000 0.000000
0.000000 0.000000 0.000000
5812408443227318311015728162506259625699938040707246195346369285530707647233907885641751255559387340422531357074776796527925097588843362694875238314914213465277025330796937141551104.000000 0.000000 0.000000
88250994142996857236932925831774390266547162609209800831691490879749012034982055592013216887773455205871567180834025024417652719158217944711671773259335487071068254664143202481765088496873427232096256.000000 0.000000 0.000000
0.000000 0.000000 0.000000
0.000000 0.000000 0.000000
0.000000 0.000000 0.000000
73451826913002439242581203704907571329237265404906732445703935535631710855024326363881501795572708587670606219818344712042777482819757576477954202683172191793462620441373965885023942018939187678111728509544735329473945141248.000000 0.000000 0.000000
2066831218533423782900746973112055118749924396070819572592881478094821302966616106632417335963956260593365774338426443227094040204699997246521784168201377799854695440431620573253592917032483779971505071206167646196358918602058746658202104889344.000000 0.000000 0.000000
0.000000 0.000000 0.000000
0.000000 0.000000 0.000000
0.000000 0.000000 0.000000
53656615252814738484575828107608152278201845431739648573834799200452270260600637302657870910424914560703370366474733416642341618671599251488552802911684528984664834566340150979369745549948436030160896.000000 0.000000 0.000000
0.000000 0.000000 0.000000
0.000000 0.000000 0.000000
0.000000 0.000000 0.000000
11707577165394051645717052601155841120478929250965184030545749296685660131585989001779980213172753380089209848240849059933451673075016876170183152711722086311659717215591993645099916606337246436045891722530772746240.000000 0.000000 0.000000
0.000000 0.000000 0.000000
0.000000 0.000000 0.000000
0.000000 0.000000 0.000000
11710207273476477913375622339574071673093936061112718380713824391561334688312033983056216658514153712077186401454578364070523344786224306406646911619777385783059127581602543151276916171978271711146003178416385294336.000000 0.000000 0.000000
0.000000 0.000000 0.000000
0.000000 0.000000 0.000000
0.000000 0.000000 0.000000
12375603870266197803135007281885719042776901021193440379022304957826518974521954318646177888012222681893551450479364141162417536264135237278833100011391836533328216273804176449181575924160696507131208130188372082688.000000 0.000000 0.000000
0.000000 0.000000 0.000000
0.000000 0.000000 0.000000
0.000000 0.000000 0.000000
30925285325134308360393822945927271747465397898181977741271294049453684772846312465798302547862620144046435016819938365154268859077641999514690237180996513967461005925800951731121830696031037006982993240580185119161606284260895471548387160153216317962039727226880.000000 0.000000 0.000000
0.000000 0.000000 0.000000
0.000000 0.000000 0.000000
0.000000 0.000000 0.000000
73451826913002357052957742011571520688770345402896333221644516423540156194385215914941590903684863061630976882498794290433889105035105810549325293561236830421356829005735685334654080636992340933365511567002277965516886769664.000000 0.000000 0.000000
0.000000 0.000000 0.000000
0.000000 0.000000 0.000000
0.000000 0.000000 0.000000
0.000000 0.000000 0.000000
0.000000 0.000000 0.000000
0.000000 0.000000 0.000000
73451826913002439242581203704907571329237265404906732445703935535631710855024326363881501795572708587670606219818344712042777482819757576477954202683172191793462620441373965885023942018939187678111728509544735329473945141248.000000 0.000000 0.000000
206476426921160545215940604472802751340313575582519470391156209007930226271589040686392684762395467118012028619034680330403559944316576611915015853928654319910912.000000 0.000000 0.000000
0.000000 0.000000 0.000000
0.000000 0.000000 0.000000
0.000000 0.000000 0.000000
89015829331525617390485836295231942866931237168567501385793264163375515046656595980906084679303628855059198767651463418628626453462085928261184778766063902664094010448086329441601799931786252472467912534552918715644136402671989449166770294629597184.000000 0.000000 0.000000
0.000000 0.000000 0.000000
0.000000 0.000000 0.000000
0.000000 0.000000 0.000000
37569169540656069648007545276702852477956558949631769478567498693521735783188141435208598987297279139128117767810824349020120992678997914040053967647877920920687417845662074584546786425737900483149824.000000 0.000000 0.000000
0.000000 0.000000 0.000000
0.000000 0.000000 0.000000
0.000000 0.000000 0.000000
3557605209766465721720929886151755603638866060963550235560630112733846840696253335121377003969144126277938462657032568767905032014036017953991073934469670928120858591408194389540864.000000 0.000000 0.000000
11307315064057072858964043880848746792907399756375815191942408987063307471245218488865696801659634511672142234518195521368485906094231633413635030139499587703113244878784512014665652465644278600154574620209489431976639547758229552864500117427058421352485403384273812923348942848.000000 0.000000 0.000000
0.000000 0.000000 0.000000
0.000000 0.000000 0.000000
0.000000 0.000000 0.000000
4187976853742414765179258873233079627967849998068510887298122732988713362194882389038103652960092963638204857881940333997153577993167097598963437535232.000000 0.000000 0.000000
0.000000 0.000000 0.000000
0.000000 0.000000 0.000000
0.000000 0.000000 0.000000
692337367338455061721087709305470713241919992135429544147208600295596731614344187061652344850819042217298244597244363090956741920607341634623263090326191034543468530753619523864019451523287301144933602362049804055347200.000000 0.000000 0.000000
142716672899610501291357416723064921547542931740293795271242796186356710980289510805739139185689924020232551262295089017455052254086304590206426594491731638569565288529551064259876314753777144348962142791222898056057813197232692724593916792727928832.000000 0.000000 0.000000
0.000000 0.000000 0.000000
0.000000 0.000000 0.000000
0.000000 0.000000 0.000000
4187976853742420579889053238088204022558313102104785716429008231533195614116475834152408560143479573166610567990464820097326428122590565875776466452480.000000 0.000000 0.000000
6729420347343064632951144733839029708868688266494742164128217239105285799901404095158841555556840509192422334715671503206844062872709941484417001462191677418513721504876474455182742564379538551307350625159336490656422446393919618338446578737903942238208.000000 0.000000 0.000000
0.000000 0.000000 0.000000
0.000000 0.000000 0.000000
0.000000 0.000000 0.000000
62065007575590669007011430950351990724571701875971108399994228587444390507494742666863095919881653755128338380994927881849214477194977395100136748946017649262655385625347314765611007351123954087428350565996689847402140532736.000000 0.000000 0.000000
0.000000 0.000000 0.000000
0.000000 0.000000 0.000000
0.000000 0.000000 0.000000
73451826913002439242581203704907571329237265404906732445703935535631710855024326363881501795572708587670606219818344712042777482819757576477954202683172191793462620441373965885023942018939187678111728509544735329473945141248.000000 0.000000 0.000000
854821356695099045166187375630718377967365172292105832024333642659311579116491993456731302197365110055500684561734252899085855998589195339619275962809195517956669049432266420057580602599764576887454946062986308665475072.000000 0.000000 0.000000
0.000000 0.000000 0.000000
0.000000 0.000000 0.000000
0.000000 0.000000 0.000000
92961033306438315991058322927114467596691719801766491966044852520302967563407014914239918481078339473925031615133405316900742037825955446602359136221508514249577226922418529659455859154197491902054400.000000 0.000000 0.000000
898957347600060063735922398298728465836655658154512819741040824949948203750970067753183009453840810393446277723894188465497021014369434804054676280436019672011747359278392125122228502431033907286953874733070106224492544.000000 0.000000 0.000000
7237358266824946109100557443695778264825320542827305696617471873566466029842561363167601652292194663039593800571523042446294078456881933085034606925277823539446022144.000000 0.000000 0.000000
0.000000 0.000000 0.000000
0.000000 0.000000 0.000000
0.000000 0.000000 0.000000
10738236775987352702110808541222538996066649085278743786677901835140969863008874975608092176407910658434822463472002875414396581275271797555511262160570556631250049516211408041154065718708449738467468030419232725826733227229252016195485088279561365568393852000155346909446275072.000000 0.000000 0.000000
62064741508291572707789326251194228556837457902684651714310480289464338842537369385903031009496636405977642829141319927540373333773030691295025923011702022895826639079463130480805489039778870598199001190255545551958143139840.000000 0.000000 0.000000
0.000000 0.000000 0.000000
0.000000 0.000000 0.000000
0.000000 0.000000 0.000000
472234320325201361076359471776853579476064264276937283571410653020967217666727886132890579101450484040045193096418362126700362980703260498138280767652919185731699340315355697385244885533476203333887332434497511536089361374854137309145775467637297332856291328.000000 0.000000 0.000000
0.000000 0.000000 0.000000
0.000000 0.000000 0.000000
0.000000 0.000000 0.000000
0.000000 0.000000 0.000000
0.000000 0.000000 0.000000
0.000000 0.000000 0.000000
0.000000 0.000000 0.000000
0.000000 0.000000 0.000000
0.000000 0.000000 0.000000
0.000000 0.000000 0.000000
0.000000 0.000000 0.000000
0.000000 0.000000 0.000000
0.000000 0.000000 0.000000
0.000000 0.000000 0.000000
0.000000 0.000000 0.000000
0.000000 0.000000 0.000000
0.000000 0.000000 0.000000
0.000000 0.000000 0.000000
0.000000 0.000000 0.000000
0.000000 0.000000 0.000000
0.000000 0.000000 0.000000
0.000000 0.000000 0.000000
0.000000 0.000000 0.000000
0.000000 0.000000 0.000000
0.000000 0.000000 0.000000
0.000000 0.000000 0.000000
0.000000 0.000000 0.000000
0.000000 0.000000 0.000000
0.000000 0.000000 0.000000
0.000000 0.000000 0.000000
0.000000 0.000000 0.000000
0.000000 0.000000 0.000000
0.000000 0.000000 0.000000
0.000000 0.000000 0.000000
0.000000 0.000000 0.000000
0.000000 0.000000 0.000000
0.000000 0.000000 0.000000
0.000000 0.000000 0.000000
0.000000 0.000000 0.000000
0.000000 0.000000 0.000000
0.000000 0.000000 0.000000
0.000000 0.000000 0.000000
0.000000 0.000000 0.000000
0.000000 0.000000 0.000000
0.000000 0.000000 0.000000
0.000000 0.000000 0.000000
0.000000 0.000000 0.000000
0.000000 0.000000 0.000000
0.000000 0.000000 0.000000
0.000000 0.000000 0.000000
0.000000 0.000000 0.000000
0.000000 0.000000 0.000000
0.000000 0.000000 0.000000
0.000000 0.000000 0.000000
0.000000 0.000000 0.000000
0.000000 0.000000 0.000000
0.000000 0.000000 0.000000
0.000000 0.000000 0.000000
0.000000 0.000000 0.000000
0.000000 0.000000 0.000000
0.000000 0.000000 0.000000
0.000000 0.000000 0.000000
0.000000 0.000000 0.000000
0.000000 0.000000 0.000000
0.000000 0.000000 0.000000
0.000000 0.000000 0.000000
0.000000 0.000000 0.000000
0.000000 0.000000 0.000000
0.000000 0.000000 0.000000
0.000000 0.000000 0.000000
0.000000 0.000000 0.000000
0.000000 0.000000 0.000000
0.000000 0.000000 0.000000
0.000000 0.000000 0.000000
0.000000 0.000000 0.000000
0.000000 0.000000 0.000000
0.000000 0.000000 0.000000
0.000000 0.000000 0.000000
0.000000 0.000000 0.000000
0.000000 0.000000 0.000000
0.000000 0.000000 0.000000
0.000000 0.000000 0.000000
0.000000 0.000000 0.000000
0.000000 0.000000 0.000000
0.000000 0.000000 0.000000
0.000000 0.000000 0.000000
0.000000 0.000000 0.000000
0.000000 0.000000 0.000000
0.000000 0.000000 0.000000
0.000000 0.000000 0.000000
0.000000 0.000000 0.000000
0.000000 0.000000 0.000000
0.000000 0.000000 0.000000
0.000000 0.000000 0.000000
0.000000 0.000000 0.000000
0.000000 0.000000 0.000000
0.000000 0.000000 0.000000
0.000000 0.000000 0.000000
0.000000 0.000000 0.000000
0.000000 0.000000 0.000000
0.000000 0.000000 0.000000
0.000000 0.000000 0.000000
0.000000 0.000000 0.000000
0.000000 0.000000 0.000000
0.000000 0.000000 0.000000
0.000000 0.000000 0.000000
0.000000 0.000000 0.000000
0.000000 0.000000 0.000000
0.000000 0.000000 0.000000
0.000000 0.000000 0.000000
0.000000 0.000000 0.000000
0.000000 0.000000 0.000000
0.000000 0.000000 0.000000
0.000000 0.000000 0.000000
0.000000 0.000000 0.000000
0.000000 0.000000 0.000000
0.000000 0.000000 0.000000
0.000000 0.000000 0.000000
0.000000 0.000000 0.000000
0.000000 0.000000 0.000000
0.000000 0.000000 0.000000
0.000000 0.000000 0.000000
0.000000 0.000000 0.000000
0.000000 0.000000 0.000000
0.000000 0.000000 0.000000
0.000000 0.000000 0.000000
0.000000 0.000000 0.000000
0.000000 0.000000 0.000000
0.000000 0.000000 0.000000
0.000000 0.000000 0.000000
0.000000 0.000000 0.000000
0.000000 0.000000 0.000000
0.000000 0.000000 0.000000
0.000000 0.000000 0.000000
0.000000 0.000000 0.000000
0.000000 0.000000 0.000000
0.000000 0.000000 0.000000
0.000000 0.000000 0.000000
0.000000 0.000000 0.000000
0.000000 0.000000 0.000000
0.000000 0.000000 0.000000
0.000000 0.000000 0.000000
0.000000 0.000000 0.000000
0.000000 0.000000 0.000000
0.000000 0.000000 0.000000
0.000000 0.000000 0.000000
0.000000 0.000000 0.000000
0.000000 0.000000 0.000000
0.000000 0.000000 0.000000
0.000000 0.000000 0.000000
0.000000 0.000000 0.000000
0.000000 0.000000 0.000000
0.000000 0.000000 0.000000
0.000000 0.000000 0.000000
0.000000 0.000000 0.000000
0.000000 0.000000 0.000000
0.000000 0.000000 0.000000
0.000000 0.000000 0.000000
0.000000 0.000000 0.000000
0.000000 0.000000 0.000000
0.000000 0.000000 0.000000
0.000000 0.000000 0.000000
0.000000 0.000000 0.000000
0.000000 0.000000 0.000000
0.000000 0.000000 0.000000
0.000000 0.000000 0.000000
0.000000 0.000000 0.000000
0.000000 0.000000 0.000000
0.000000 0.000000 0.000000
0.000000 0.000000 0.000000
0.000000 0.000000 0.000000
0.000000 0.000000 0.000000
0.000000 0.000000 0.000000
0.000000 0.000000 0.000000
0.000000 0.000000 0.000000
0.000000 0.000000 0.000000
0.000000 0.000000 0.000000
0.000000 0.000000 0.000000
0.000000 0.000000 0.000000
0.000000 0.000000 0.000000
0.000000 0.000000 0.000000
0.000000 0.000000 0.000000
0.000000 0.000000 0.000000
0.000000 0.000000 0.000000
0.000000 0.000000 0.000000
0.000000 0.000000 0.000000
0.000000 0.000000 0.000000
0.000000 0.000000 0.000000
0.000000 0.000000 0.000000
13.379126 179.001023 0.000000
13.412137 179.885429 0.000000
13.445148 180.772015 0.000000
13.478159 181.660780 0.000000
13.511170 182.551725 0.000000
13.544181 183.444850 0.000000
13.577192 184.340153 0.000000
13.610203 185.237637 0.000000
13.643214 186.137299 0.000000
13.676225 187.039141 0.000000
13.709236 187.943163 0.000000
13.742247 188.849364 0.000000
13.775258 189.757745 0.000000
13.808269 190.668304 0.000000
13.841280 191.581044 0.000000
13.874291 192.495963 0.000000
13.907302 193.413061 0.000000
13.940313 194.332339 0.000000
13.973324 195.253796 0.000000
14.006335 196.177433 0.000000
14.039346 197.103249 0.000000
14.072357 198.031244 0.000000
14.105368 198.961419 0.000000
14.138379 199.893774 0.000000
14.171390 200.828308 0.000000
14.204401 201.765021 0.000000
14.237412 202.703914 0.000000
14.270423 203.644986 0.000000
14.303434 204.588238 0.000000
14.336445 205.533669 0.000000
14.369456 206.481280 0.000000
14.402467 207.431070 0.000000
14.435478 208.383039 0.000000
14.468489 209.337188 0.000000
14.501501 210.293517 0.000000
14.534512 211.252025 0.000000
14.567523 212.212712 0.000000
14.600534 213.175579 0.000000
14.633545 214.140625 0.000000
14.666556 215.107851 0.000000
14.699567 216.077256 0.000000
14.732578 217.048841 0.000000
14.765589 218.022605 0.000000
14.798600 218.998548 0.000000
14.831611 219.976671 0.000000
14.864622 220.956974 0.000000
14.897633 221.939455 0.000000
14.930644 222.924117 0.000000
14.963655 223.910958 0.000000
14.996666 224.899978 0.000000
15.029677 225.891177 0.000000
15.062688 226.884557 0.000000
15.095699 227.880115 0.000000
15.128710 228.877853 0.000000
15.161721 229.877771 0.000000
15.194732 230.879868 0.000000
15.227743 231.884144 0.000000
15.260754 232.890600 0.000000
15.293765 233.899235 0.000000
15.326776 234.910050 0.000000
15.359787 235.923044 0.000000
15.392798 236.938218 0.000000
15.425809 237.955571 0.000000
15.458820 238.975104 0.000000
15.491831 239.996816 0.000000
15.524842 241.020707 0.000000
15.557853 242.046778 0.000000
15.590864 243.075028 0.000000
15.623875 244.105458 0.000000
15.656886 245.138068 0.000000
15.689897 246.172856 0.000000
15.722908 247.209825 0.000000
15.755919 248.248972 0.000000
15.788930 249.290299 0.000000
15.821941 250.333806 0.000000
15.854952 251.379492 0.000000
15.887963 252.427357 0.000000
15.920974 253.477402 0.000000
15.953985 254.529627 0.000000
15.986996 255.584030 0.000000
16.020007 256.640614 0.000000
16.053018 257.699376 0.000000
16.086029 258.760319 0.000000
16.119040 259.823440 0.000000
16.152051 260.888741 0.000000
16.185062 261.956222 0.000000
16.218073 263.025882 0.000000
16.251084 264.097721 0.000000
16.284095 265.171740 0.000000
16.317106 266.247938 0.000000
16.350117 267.326316 0.000000
16.383128 268.406874 0.000000
16.416139 269.489610 0.000000
16.449150 270.574526 0.000000
16.482161 271.661622 0.000000
16.515172 272.750897 0.000000
16.548183 273.842352 0.000000
16.581194 274.935986 0.000000
16.614205 276.031799 0.000000
16.647216 277.129792 0.000000
16.680227 278.229964 0.000000
16.713238 279.332316 0.000000
16.746249 280.436847 0.000000
16.779260 281.543558 0.000000
16.812271 282.652448 0.000000
16.845282 283.763518 0.000000
16.878293 284.876767 0.000000
16.911304 285.992195 0.000000
16.944315 287.109803 0.000000
16.977326 288.229590 0.000000
17.010337 289.351557 0.000000
17.043348 290.475704 0.000000
17.076359 291.602029 0.000000
17.109370 292.730535 0.000000
17.142381 293.861219 0.000000
17.175392 294.994083 0.000000
17.208403 296.129127 0.000000
17.241414 297.266350 0.000000
17.274425 298.405752 0.000000
17.307436 299.547334 0.000000
17.340447 300.691096 0.000000
17.373458 301.837037 0.000000
17.406469 302.985157 0.000000
17.439480 304.135457 0.000000
17.472491 305.287936 0.000000
17.505502 306.442594 0.000000
17.538513 307.599433 0.000000
17.571524 308.758450 0.000000
17.604535 309.919647 0.000000
17.637546 311.083024 0.000000
17.670557 312.248579 0.000000
17.703568 313.416315 0.000000
17.736579 314.586230 0.000000
17.769590 315.758324 0.000000
17.802601 316.932598 0.000000
17.835612 318.109051 0.000000
17.868623 319.287683 0.000000
17.901634 320.468496 0.000000
17.934645 321.651487 0.000000
17.967656 322.836658 0.000000
18.000667 324.024008 0.000000
18.033678 325.213538 0.000000
18.066689 326.405248 0.000000
18.099700 327.599136 0.000000
18.132711 328.795205 0.000000
18.165722 329.993452 0.000000
18.198733 331.193880 0.000000
18.231744 332.396486 0.000000
18.264755 333.601272 0.000000
18.297766 334.808238 0.000000
18.330777 336.017383 0.000000
18.363788 337.228707 0.000000
18.396799 338.442211 0.000000
18.429810 339.657894 0.000000
18.462821 340.875757 0.000000
18.495832 342.095799 0.000000
18.528843 343.318021 0.000000
18.561854 344.542422 0.000000
18.594865 345.769003 0.000000
18.627876 346.997763 0.000000
18.660887 348.228702 0.000000
18.693898 349.461821 0.000000
18.726909 350.697120 0.000000
18.759920 351.934597 0.000000
18.792931 353.174255 0.000000
18.825942 354.416091 0.000000
18.858953 355.660108 0.000000
18.891964 356.906303 0.000000
18.924975 358.154678 0.000000
18.957986 359.405233 0.000000
18.990997 360.657967 0.000000
19.024008 361.912880 0.000000
19.057019 363.169973 0.000000
19.090030 364.429246 0.000000
19.123041 365.690698 0.000000
19.156052 366.954329 0.000000
19.189063 368.220140 0.000000
19.222074 369.488130 0.000000
19.255085 370.758299 0.000000
19.288096 372.030649 0.000000
19.321107 373.305177 0.000000
19.354118 374.581885 0.000000
19.387129 375.860773 0.000000
19.420140 377.141839 0.000000
19.453151 378.425086 0.000000
19.486162 379.710512 0.000000
19.519173 380.998117 0.000000
19.552184 382.287902 0.000000
19.585195 383.579866 0.000000
19.618206 384.874009 0.000000
19.651217 386.170332 0.000000
19.684228 387.468835 0.000000
19.717239 388.769517 0.000000
19.750250 390.072378 0.000000
19.783261 391.377419 0.000000
19.816272 392.684640 0.000000
19.849283 393.994039 0.000000
19.882294 395.305619 0.000000
19.915305 396.619377 0.000000
19.948316 397.935315 0.000000
19.981327 399.253433 0.000000
20.014338 400.573730 0.000000
20.047349 401.896207 0.000000
20.080360 403.220863 0.000000
20.113371 404.547698 0.000000
20.146382 405.876713 0.000000
20.179393 407.207907 0.000000
20.212404 408.541281 0.000000
20.245415 409.876834 0.000000
20.278426 411.214567 0.000000
20.311437 412.554479 0.000000
20.344448 413.896571 0.000000
20.377459 415.240842 0.000000
20.410470 416.587292 0.000000
20.443481 417.935922 0.000000
20.476492 419.286731 0.000000
20.509503 420.639720 0.000000
20.542514 421.994888 0.000000
20.575525 423.352236 0.000000
20.608536 424.711763 0.000000
20.641547 426.073470 0.000000
20.674558 427.437356 0.000000
20.707569 428.803422 0.000000
20.740580 430.171667 0.000000
20.773591 431.542091 0.000000
20.806602 432.914695 0.000000
20.839613 434.289479 0.000000
20.872624 435.666441 0.000000
20.905635 437.045584 0.000000
20.938646 438.426905 0.000000
20.971657 439.810407 0.000000
21.004668 441.196087 0.000000
21.037679 442.583947 0.000000
21.070690 443.973987 0.000000
21.103701 445.366206 0.000000
21.136712 446.760604 0.000000
21.169723 448.157182 0.000000
21.202734 449.555939 0.000000
21.235745 450.956876 0.000000
21.268756 452.359993 0.000000
21.301767 453.765288 0.000000
21.334778 455.172763 0.000000
21.367789 456.582418 0.000000
21.400800 457.994252 0.000000
21.433811 459.408266 0.000000
21.466822 460.824459 0.000000
21.499833 462.242831 0.000000
21.532844 463.663383 0.000000
21.565855 465.086114 0.000000
21.598866 466.511025 0.000000
21.631877 467.938115 0.000000
21.664888 469.367385 0.000000
21.697899 470.798834 0.000000
21.730910 472.232463 0.000000
21.763921 473.668271 0.000000
21.796932 475.106258 0.000000
21.829943 476.546425 0.000000
21.862954 477.988772 0.000000
21.895965 479.433297 0.000000
21.928976 480.880003 0.000000
21.961987 482.328887 0.000000
21.994998 483.779952 0.000000
22.028009 485.233195 0.000000
22.061020 486.688618 0.000000
22.094031 488.146221 0.000000
22.127042 489.606003 0.000000
22.160053 491.067965 0.000000
22.193064 492.532105 0.000000
22.226075 493.998426 0.000000
22.259086 495.466926 0.000000
22.292097 496.937605 0.000000
22.325108 498.410464 0.000000
22.358119 499.885502 0.000000
22.391130 501.362720 0.000000
22.424141 502.842117 0.000000
22.457152 504.323693 0.000000
22.490163 505.807449 0.000000
22.523174 507.293385 0.000000
22.556185 508.781500 0.000000
22.589196 510.271794 0.000000
22.622207 511.764268 0.000000
22.655218 513.258921 0.000000
22.688229 514.755754 0.000000
22.721240 516.254766 0.000000
22.754251 517.755958 0.000000
22.787262 519.259329 0.000000
22.820273 520.764879 0.000000
22.853284 522.272609 0.000000
22.886295 523.782519 0.000000
22.919306 525.294607 0.000000
22.952317 526.808876 0.000000
22.985328 528.325324 0.000000
23.018339 529.843951 0.000000
23.051350 531.364758 0.000000
23.084361 532.887744 0.000000
23.117372 534.412909 0.000000
23.150383 535.940254 0.000000
23.183394 537.469779 0.000000
23.216405 539.001483 0.000000
23.249416 540.535366 0.000000
23.282427 542.071429 0.000000
23.315438 543.609671 0.000000
23.348449 545.150093 0.000000
23.381460 546.692694 0.000000
23.414471 548.237475 0.000000
23.447482 549.784435 0.000000
23.480493 551.333575 0.000000
23.513505 552.884894 0.000000
23.546516 554.438392 0.000000
23.579527 555.994070 0.000000
23.612538 557.551928 0.000000
23.645549 559.111965 0.000000
23.678560 560.674181 0.000000
23.711571 562.238577 0.000000
23.744582 563.805152 0.000000
23.777593 565.373907 0.000000
23.810604 566.944841 0.000000
23.843615 568.517954 0.000000
23.876626 570.093247 0.000000
23.909637 571.670720 0.000000
23.942648 573.250372 0.000000
23.975659 574.832203 0.000000
24.008670 576.416214 0.000000
24.041681 578.002404 0.000000
24.074692 579.590774 0.000000
24.107703 581.181323 0.000000
24.140714 582.774052 0.000000
24.173725 584.368960 0.000000
24.206736 585.966047 0.000000
24.239747 587.565314 0.000000
24.272758 589.166761 0.000000
24.305769 590.770387 0.000000
24.338780 592.376192 0.000000
24.371791 593.984177 0.000000
24.404802 595.594341 0.000000
24.437813 597.206685 0.000000
24.470824 598.821208 0.000000
24.503835 600.437911 0.000000
24.536846 602.056793 0.000000
24.569857 603.677854 0.000000
24.602868 605.301095 0.000000
24.635879 606.926516 0.000000
24.668890 608.554116 0.000000
24.701901 610.183895 0.000000
24.734912 611.815854 0.000000
24.767923 613.449992 0.000000
24.800934 615.086310 0.000000
24.833945 616.724807 0.000000
24.866956 618.365483 0.000000
24.899967 620.008339 0.000000
24.932978 621.653375 0.000000
24.965989 623.300590 0.000000
24.999000 624.949984 0.000000
25.032011 626.601558 0.000000
25.065022 628.255312 0.000000
25.098033 629.911244 0.000000
25.131044 631.569357 0.000000
25.164055 633.229648 0.000000
25.197066 634.892119 0.000000
25.230077 636.556770 0.000000
25.263088 638.223600 0.000000
25.296099 639.892609 0.000000
25.329110 641.563798 0.000000
25.362121 643.237167 0.000000
25.395132 644.912715 0.000000
25.428143 646.590442 0.000000
25.461154 648.270349 0.000000
25.494165 649.952435 0.000000
25.527176 651.636701 0.000000
25.560187 653.323146 0.000000
25.593198 655.011770 0.000000
25.626209 656.702574 0.000000
25.659220 658.395558 0.000000
25.692231 660.090721 0.000000
25.725242 661.788063 0.000000
0.000000 0.000000 0.000000
0.000000 0.000000 0.000000
0.000000 0.000000 0.000000
0.000000 0.000000 0.000000
0.000000 0.000000 0.000000
0.000000 0.000000 0.000000
0.000000 0.000000 0.000000
0.000000 0.000000 0.000000
0.000000 0.000000 0.000000
0.000000 0.000000 0.000000
0.000000 0.000000 0.000000
0.000000 0.000000 0.000000
0.000000 0.000000 0.000000
0.000000 0.000000 0.000000
0.000000 0.000000 0.000000
0.000000 0.000000 0.000000
0.000000 0.000000 0.000000
0.000000 0.000000 0.000000
0.000000 0.000000 0.000000
0.000000 0.000000 0.000000
0.000000 0.000000 0.000000
0.000000 0.000000 0.000000
0.000000 0.000000 0.000000
0.000000 0.000000 0.000000
0.000000 0.000000 0.000000
0.000000 0.000000 0.000000
0.000000 0.000000 0.000000
0.000000 0.000000 0.000000
0.000000 0.000000 0.000000
0.000000 0.000000 0.000000
0.000000 0.000000 0.000000
0.000000 0.000000 0.000000
0.000000 0.000000 0.000000
0.000000 0.000000 0.000000
0.000000 0.000000 0.000000
0.000000 0.000000 0.000000
0.000000 0.000000 0.000000
0.000000 0.000000 0.000000
0.000000 0.000000 0.000000
0.000000 0.000000 0.000000
0.000000 0.000000 0.000000
0.000000 0.000000 0.000000
0.000000 0.000000 0.000000
0.000000 0.000000 0.000000
0.000000 0.000000 0.000000
0.000000 0.000000 0.000000
0.000000 0.000000 0.000000
0.000000 0.000000 0.000000
0.000000 0.000000 0.000000
0.000000 0.000000 0.000000
0.000000 0.000000 0.000000
0.000000 0.000000 0.000000
0.000000 0.000000 0.000000
0.000000 0.000000 0.000000
0.000000 0.000000 0.000000
0.000000 0.000000 0.000000
0.000000 0.000000 0.000000
0.000000 0.000000 0.000000
0.000000 0.000000 0.000000
0.000000 0.000000 0.000000
0.000000 0.000000 0.000000
0.000000 0.000000 0.000000
0.000000 0.000000 0.000000
0.000000 0.000000 0.000000
0.000000 0.000000 0.000000
0.000000 0.000000 0.000000
0.000000 0.000000 0.000000
0.000000 0.000000 0.000000
0.000000 0.000000 0.000000
0.000000 0.000000 0.000000
0.000000 0.000000 0.000000
0.000000 0.000000 0.000000
0.000000 0.000000 0.000000
0.000000 0.000000 0.000000
0.000000 0.000000 0.000000
0.000000 0.000000 0.000000
0.000000 0.000000 0.000000
0.000000 0.000000 0.000000
0.000000 0.000000 0.000000
0.000000 0.000000 0.000000
0.000000 0.000000 0.000000
0.000000 0.000000 0.000000
0.000000 0.000000 0.000000
0.000000 0.000000 0.000000
0.000000 0.000000 0.000000
0.000000 0.000000 0.000000
0.000000 0.000000 0.000000
0.000000 0.000000 0.000000
0.000000 0.000000 0.000000
0.000000 0.000000 0.000000
0.000000 0.000000 0.000000
0.000000 0.000000 0.000000
0.000000 0.000000 0.000000
0.000000 0.000000 0.000000
0.000000 0.000000 0.000000
0.000000 0.000000 0.000000
0.000000 0.000000 0.000000
0.000000 0.000000 0.000000
0.000000 0.000000 0.000000
0.000000 0.000000 0.000000
0.000000 0.000000 0.000000
0.000000 0.000000 0.000000
0.000000 0.000000 0.000000
0.000000 0.000000 0.000000
0.000000 0.000000 0.000000
0.000000 0.000000 0.000000
0.000000 0.000000 0.000000
0.000000 0.000000 0.000000
0.000000 0.000000 0.000000
0.000000 0.000000 0.000000
0.000000 0.000000 0.000000
0.000000 0.000000 0.000000
0.000000 0.000000 0.000000
0.000000 0.000000 0.000000
0.000000 0.000000 0.000000
0.000000 0.000000 0.000000
0.000000 0.000000 0.000000
0.000000 0.000000 0.000000
0.000000 0.000000 0.000000
0.000000 0.000000 0.000000
0.000000 0.000000 0.000000
0.000000 0.000000 0.000000
0.000000 0.000000 0.000000
0.000000 0.000000 0.000000
0.000000 0.000000 0.000000
0.000000 0.000000 0.000000
0.000000 0.000000 0.000000
0.000000 0.000000 0.000000
0.000000 0.000000 0.000000
0.000000 0.000000 0.000000
0.000000 0.000000 0.000000
0.000000 0.000000 0.000000
0.000000 0.000000 0.000000
0.000000 0.000000 0.000000
0.000000 0.000000 0.000000
0.000000 0.000000 0.000000
0.000000 0.000000 0.000000
0.000000 0.000000 0.000000
0.000000 0.000000 0.000000
0.000000 0.000000 0.000000
0.000000 0.000000 0.000000
0.000000 0.000000 0.000000
0.000000 0.000000 10738236776245293271737962525858320722197113506926479493914721665589072226833242455456561176651138673834024801609583348037939472394576976080581586615974110477256393449808320039067059754606191308168093401868574976881235473001886675829125998546419390654096401177394529815920377856.000000
0.000000 0.000000 0.000000
0.000000 0.000000 0.000000
0.000000 0.000000 0.000000
0.000000 0.000000 41655100462432376184491600999620192837198263398241931952419510998918866750765161060798788948818739482794529341485364245957091371095672925618851366830080.000000
0.000000 0.000000 0.000000
0.000000 0.000000 0.000000
0.000000 0.000000 0.000000
0.000000 0.000000 1145113809849383012275550238074823622428270119152930512064432983113598269678225906322766457734570538747342315440069974975588857427382612834746182714271997597648613098843846294002903144590075643819318891041036156699158221759429613882740144340992.000000
0.000000 0.000000 0.000000
0.000000 0.000000 0.000000
0.000000 0.000000 0.000000
0.000000 0.000000 62065007575590669007011430950351990724571701875971108399994228587444390507494742666863095919881653755128338380994927881849214477194977395100136748946017649262655385625347314765611007351123954087428350565996689847402140532736.000000
0.000000 0.000000 0.000000
0.000000 0.000000 0.000000
0.000000 0.000000 0.000000
0.000000 0.000000 62065007575590669007011430950351990724571701875971108399994228587444390507494742666863095919881653755128338380994927881849214477194977395100136748946017649262655385625347314765611007351123954087428350565996689847402140532736.000000
0.000000 0.000000 0.000000
0.000000 0.000000 0.000000
0.000000 0.000000 0.000000
0.000000 0.000000 0.000000
0.000000 0.000000 0.000000
0.000000 0.000000 0.000000
0.000000 0.000000 0.000000
0.000000 0.000000 0.000000
0.000000 0.000000 0.000000
0.000000 0.000000 0.000000
0.000000 0.000000 0.000000
0.000000 0.000000 0.000000
0.000000 0.000000 0.000000
0.000000 0.000000 0.000000
0.000000 0.000000 0.000000
0.000000 0.000000 0.000000
0.000000 0.000000 0.000000
0.000000 0.000000 0.000000
0.000000 0.000000 0.000000
0.000000 0.000000 0.000000
0.000000 0.000000 0.000000
0.000000 0.000000 0.000000
0.000000 0.000000 0.000000
0.000000 0.000000 0.000000
0.000000 0.000000 0.000000
0.000000 0.000000 0.000000
0.000000 0.000000 0.000000
0.000000 0.000000 0.000000
0.000000 0.000000 0.000000
0.000000 0.000000 0.000000
0.000000 0.000000 0.000000
0.000000 0.000000 0.000000
0.000000 0.000000 0.000000
0.000000 0.000000 0.000000
0.000000 0.000000 0.000000
0.000000 0.000000 0.000000
0.000000 0.000000 0.000000
0.000000 0.000000 0.000000
0.000000 0.000000 0.000000
0.000000 0.000000 0.000000
0.000000 0.000000 0.000000
0.000000 0.000000 0.000000
0.000000 0.000000 0.000000
0.000000 0.000000 0.000000
0.000000 0.000000 0.000000
0.000000 0.000000 0.000000
0.000000 0.000000 0.000000
0.000000 0.000000 0.000000
0.000000 0.000000 0.000000
0.000000 0.000000 0.000000
0.000000 0.000000 0.000000
0.000000 0.000000 0.000000
0.000000 0.000000 0.000000
0.000000 0.000000 0.000000
0.000000 0.000000 0.000000
0.000000 0.000000 0.000000
0.000000 0.000000 0.000000
0.000000 0.000000 0.000000
0.000000 0.000000 0.000000
0.000000 0.000000 0.000000
0.000000 0.000000 0.000000
0.000000 0.000000 0.000000
0.000000 0.000000 0.000000
0.000000 0.000000 0.000000
0.000000 0.000000 0.000000
0.000000 0.000000 0.000000
0.000000 0.000000 0.000000
0.000000 0.000000 0.000000
0.000000 0.000000 0.000000
0.000000 0.000000 0.000000
0.000000 0.000000 0.000000
0.000000 0.000000 0.000000
0.000000 0.000000 0.000000
0.000000 0.000000 0.000000
0.000000 0.000000 0.000000
0.000000 0.000000 0.000000
0.000000 0.000000 0.000000
0.000000 0.000000 0.000000
0.000000 0.000000 0.000000
0.000000 0.000000 0.000000
0.000000 0.000000 0.000000
0.000000 0.000000 0.000000
0.000000 0.000000 0.000000
0.000000 0.000000 0.000000
0.000000 0.000000 0.000000
0.000000 0.000000 0.000000
0.000000 0.000000 0.000000
0.000000 0.000000 0.000000
0.000000 0.000000 0.000000
0.000000 0.000000 0.000000
0.000000 0.000000 0.000000
0.000000 0.000000 0.000000
0.000000 0.000000 0.000000
0.000000 0.000000 0.000000
0.000000 0.000000 0.000000
0.000000 0.000000 0.000000
0.000000 0.000000 0.000000
0.000000 0.000000 0.000000
0.000000 0.000000 0.000000
0.000000 0.000000 0.000000
0.000000 0.000000 0.000000
0.000000 0.000000 0.000000
0.000000 0.000000 0.000000
0.000000 0.000000 0.000000
0.000000 0.000000 0.000000
0.000000 0.000000 0.000000
0.000000 0.000000 0.000000
0.000000 0.000000 0.000000
0.000000 0.000000 0.000000
0.000000 0.000000 0.000000
0.000000 0.000000 0.000000
0.000000 0.000000 0.000000
0.000000 0.000000 0.000000
0.000000 0.000000 0.000000
0.000000 0.000000 0.000000
0.000000 0.000000 0.000000
0.000000 0.000000 0.000000
0.000000 0.000000 0.000000
0.000000 0.000000 0.000000
0.000000 0.000000 0.000000
0.000000 0.000000 0.000000
0.000000 0.000000 0.000000
0.000000 0.000000 0.000000
0.000000 0.000000 0.000000
0.000000 0.000000 0.000000
0.000000 0.000000 0.000000
0.000000 0.000000 0.000000
0.000000 0.000000 0.000000
0.000000 0.000000 0.000000
0.000000 0.000000 0.000000
0.000000 0.000000 0.000000
0.000000 0.000000 0.000000
0.000000 0.000000 0.000000
0.000000 0.000000 0.000000
0.000000 0.000000 0.000000
0.000000 0.000000 0.000000
0.000000 0.000000 0.000000
0.000000 0.000000 0.000000
0.000000 0.000000 0.000000
0.000000 0.000000 0.000000
0.000000 0.000000 0.000000
0.000000 0.000000 0.000000
0.000000 0.000000 0.000000
0.000000 0.000000 0.000000
0.000000 0.000000 0.000000
0.000000 0.000000 0.000000
0.000000 0.000000 0.000000
0.000000 0.000000 0.000000
0.000000 0.000000 0.000000
0.000000 0.000000 0.000000
0.000000 0.000000 0.000000
0.000000 0.000000 0.000000
0.000000 0.000000 0.000000
0.000000 0.000000 0.000000
0.000000 0.000000 0.000000
0.000000 0.000000 0.000000
0.000000 0.000000 0.000000
0.000000 0.000000 0.000000
0.000000 0.000000 0.000000
0.000000 0.000000 0.000000
0.000000 0.000000 0.000000
0.000000 0.000000 0.000000
0.000000 0.000000 0.000000
0.000000 0.000000 0.000000
0.000000 0.000000 0.000000
0.000000 0.000000 0.000000
0.000000 0.000000 0.000000
0.000000 0.000000 0.000000
0.000000 0.000000 0.000000
0.000000 0.000000 0.000000
0.000000 0.000000 0.000000
0.000000 0.000000 0.000000
0.000000 0.000000 0.000000
0.000000 0.000000 0.000000
0.000000 0.000000 0.000000
0.000000 0.000000 0.000000
0.000000 0.000000 0.000000
0.000000 0.000000 0.000000
0.000000 0.000000 0.000000
0.000000 0.000000 0.000000
0.000000 0.000000 0.000000
0.000000 0.000000 0.000000
0.000000 0.000000 0.000000
0.000000 0.000000 0.000000
0.000000 0.000000 0.000000
0.000000 0.000000 0.000000
0.000000 0.000000 0.000000
0.000000 0.000000 0.000000
0.000000 0.000000 0.000000
0.000000 0.000000 0.000000
0.000000 0.000000 0.000000
0.000000 0.000000 0.000000
0.000000 0.000000 0.000000
0.000000 0.000000 0.000000
0.000000 0.000000 0.000000
0.000000 0.000000 0.000000
0.000000 0.000000 0.000000
0.000000 0.000000 0.000000
0.000000 0.000000 0.000000
0.000000 0.000000 0.000000
0.000000 0.000000 0.000000
0.000000 0.000000 0.000000
0.000000 0.000000 0.000000
0.000000 0.000000 0.000000
0.000000 0.000000 0.000000
0.000000 0.000000 0.000000
0.000000 0.000000 0.000000
0.000000 0.000000 10738236776245293271737962525858320722197113506926479493914721665589072226833242455456561176651138673834024801609583348037939472394576976080581586615974110477256393449808320039067059754606191308168093401868574976881235473001886675829125998546419390654096401177394529815920377856.000000
0.000000 0.000000 0.000000
0.000000 0.000000 0.000000
0.000000 0.000000 0.000000
0.000000 0.000000 41655100462432376184491600999620192837198263398241931952419510998918866750765161060798788948818739482794529341485364245957091371095672925618851366830080.000000
0.000000 0.000000 0.000000
0.000000 0.000000 0.000000
0.000000 0.000000 0.000000
0.000000 0.000000 1145113809849383012275550238074823622428270119152930512064432983113598269678225906322766457734570538747342315440069974975588857427382612834746182714271997597648613098843846294002903144590075643819318891041036156699158221759429613882740144340992.000000
0.000000 0.000000 0.000000
0.000000 0.000000 0.000000
0.000000 0.000000 0.000000
0.000000 0.000000 62065007575590669007011430950351990724571701875971108399994228587444390507494742666863095919881653755128338380994927881849214477194977395100136748946017649262655385625347314765611007351123954087428350565996689847402140532736.000000
0.000000 0.000000 0.000000
0.000000 0.000000 0.000000
0.000000 0.000000 0.000000
0.000000 0.000000 62065007575590669007011430950351990724571701875971108399994228587444390507494742666863095919881653755128338380994927881849214477194977395100136748946017649262655385625347314765611007351123954087428350565996689847402140532736.000000
0.000000 0.000000 0.000000
0.000000 0.000000 0.000000
0.000000 0.000000 0.000000
0.000000 0.000000 0.000000
0.000000 0.000000 0.000000
0.000000 0.000000 0.000000
0.000000 0.000000 0.000000
0.000000 0.000000 0.000000
0.000000 0.000000 0.000000
0.000000 0.000000 0.000000
0.000000 0.000000 0.000000
0.000000 0.000000 0.000000
0.000000 0.000000 0.000000
0.000000 0.000000 0.000000
0.000000 0.000000 0.000000
0.000000 0.000000 0.000000
0.000000 0.000000 0.000000
0.000000 0.000000 0.000000
0.000000 0.000000 0.000000
0.000000 0.000000 0.000000
0.000000 0.000000 0.000000
0.000000 0.000000 0.000000
0.000000 0.000000 0.000000
0.000000 0.000000 0.000000
0.000000 0.000000 0.000000
0.000000 0.000000 0.000000
0.000000 0.000000 0.000000
0.000000 0.000000 0.000000
0.000000 0.000000 0.000000
0.000000 0.000000 0.000000
0.000000 0.000000 0.000000
0.000000 0.000000 0.000000
0.000000 0.000000 0.000000
0.000000 0.000000 0.000000
0.000000 0.000000 0.000000
0.000000 0.000000 0.000000
0.000000 0.000000 0.000000
0.000000 0.000000 0.000000
0.000000 0.000000 0.000000
0.000000 0.000000 0.000000
0.000000 0.000000 0.000000
0.000000 0.000000 0.000000
0.000000 0.000000 0.000000
0.000000 0.000000 0.000000
0.000000 0.000000 0.000000
0.000000 0.000000 0.000000
0.000000 0.000000 0.000000
0.000000 0.000000 0.000000
0.000000 0.000000 0.000000
0.000000 0.000000 0.000000
0.000000 0.000000 0.000000
0.000000 0.000000 0.000000
0.000000 0.000000 0.000000
0.000000 0.000000 0.000000
0.000000 0.000000 0.000000
0.000000 0.000000 0.000000
0.000000 0.000000 0.000000
0.000000 0.000000 0.000000
0.000000 0.000000 0.000000
0.000000 0.000000 0.000000
0.000000 0.000000 0.000000
0.000000 0.000000 0.000000
0.000000 0.000000 0.000000
0.000000 0.000000 0.000000
0.000000 0.000000 0.000000
0.000000 0.000000 0.000000
0.000000 0.000000 0.000000
0.000000 0.000000 0.000000
0.000000 0.000000 0.000000
0.000000 0.000000 0.000000
0.000000 0.000000 0.000000
0.000000 0.000000 0.000000
0.000000 0.000000 0.000000
0.000000 0.000000 0.000000
0.000000 0.000000 0.000000
0.000000 0.000000 0.000000
0.000000 0.000000 0.000000
0.000000 0.000000 0.000000
0.000000 0.000000 0.000000
0.000000 0.000000 0.000000
0.000000 0.000000 0.000000
0.000000 0.000000 0.000000
0.000000 0.000000 0.000000
0.000000 0.000000 0.000000
0.000000 0.000000 0.000000
0.000000 0.000000 0.000000
0.000000 0.000000 0.000000
0.000000 0.000000 0.000000
0.000000 0.000000 0.000000
0.000000 0.000000 0.000000
0.000000 0.000000 0.000000
0.000000 0.000000 0.000000
0.000000 0.000000 0.000000
0.000000 0.000000 0.000000
0.000000 0.000000 0.000000
0.000000 0.000000 0.000000
0.000000 0.000000 0.000000
0.000000 0.000000 0.000000
0.000000 0.000000 0.000000
0.000000 0.000000 0.000000
0.000000 0.000000 0.000000
0.000000 0.000000 0.000000
0.000000 0.000000 0.000000
0.000000 0.000000 0.000000
0.000000 0.000000 0.000000
0.000000 0.000000 0.000000
0.000000 0.000000 0.000000
0.000000 0.000000 0.000000
0.000000 0.000000 0.000000
0.000000 0.000000 0.000000
0.000000 0.000000 0.000000
0.000000 0.000000 0.000000
0.000000 0.000000 0.000000
0.000000 0.000000 0.000000
0.000000 0.000000 0.000000
0.000000 0.000000 0.000000
0.000000 0.000000 0.000000
0.000000 0.000000 0.000000
0.000000 0.000000 0.000000
0.000000 0.000000 0.000000
0.000000 0.000000 0.000000
0.000000 0.000000 0.000000
0.000000 0.000000 0.000000
0.000000 0.000000 0.000000
0.000000 0.000000 0.000000
0.000000 0.000000 0.000000
0.000000 0.000000 0.000000
0.000000 0.000000 0.000000
0.000000 0.000000 0.000000
0.000000 0.000000 0.000000
0.000000 0.000000 0.000000
0.000000 0.000000 0.000000
0.000000 0.000000 0.000000
0.000000 0.000000 0.000000
0.000000 0.000000 0.000000
0.000000 0.000000 0.000000
0.000000 0.000000 0.000000
0.000000 0.000000 0.000000
0.000000 0.000000 0.000000
0.000000 0.000000 0.000000
0.000000 0.000000 0.000000
0.000000 0.000000 0.000000
0.000000 0.000000 0.000000
0.000000 0.000000 0.000000
0.000000 0.000000 0.000000
0.000000 0.000000 0.000000
0.000000 0.000000 0.000000
0.000000 0.000000 0.000000
0.000000 0.000000 0.000000
0.000000 0.000000 0.000000
0.000000 0.000000 0.000000
0.000000 0.000000 0.000000
0.000000 0.000000 0.000000
0.000000 0.000000 0.000000
0.000000 0.000000 0.000000
0.000000 0.000000 0.000000
0.000000 0.000000 0.000000
0.000000 0.000000 0.000000
0.000000 0.000000 0.000000
0.000000 0.000000 0.000000
0.000000 0.000000 0.000000
0.000000 0.000000 0.000000
0.000000 0.000000 0.000000
0.000000 0.000000 0.000000
0.000000 0.000000 0.000000
0.000000 0.000000 0.000000
0.000000 0.000000 0.000000
0.000000 0.000000 0.000000
0.000000 0.000000 0.000000
0.000000 0.000000 0.000000
0.000000 0.000000 0.000000
0.000000 0.000000 0.000000
0.000000 0.000000 0.000000
0.000000 0.000000 0.000000
0.000000 0.000000 0.000000
0.000000 0.000000 0.000000
0.000000 0.000000 0.000000
0.000000 0.000000 0.000000
0.000000 0.000000 0.000000
0.000000 0.000000 0.000000
0.000000 0.000000 0.000000
0.000000 0.000000 0.000000
0.000000 0.000000 0.000000
0.000000 0.000000 0.000000
0.000000 0.000000 0.000000
0.000000 0.000000 0.000000
0.000000 0.000000 0.000000
0.000000 0.000000 0.000000
0.000000 0.000000 0.000000
0.000000 0.000000 0.000000
0.000000 0.000000 0.000000
0.000000 0.000000 0.000000
0.000000 0.000000 0.000000
0.000000 0.000000 0.000000
0.000000 0.000000 0.000000
0.000000 0.000000 0.000000
0.000000 0.000000 0.000000
0.000000 0.000000 0.000000
0.000000 0.000000 0.000000
0.000000 0.000000 0.000000
0.000000 0.000000 0.000000
0.000000 0.000000 0.000000
0.000000 0.000000 0.000000
0.000000 0.000000 0.000000
0.000000 0.000000 0.000000
0.000000 0.000000 0.000000
0.000000 0.000000 0.000000
0.000000 0.000000 0.000000
0.000000 0.000000 0.000000
0.000000 0.000000 0.000000
0.000000 0.000000 0.000000
0.000000 0.000000 0.000000
0.000000 0.000000 0.000000
0.000000 0.000000 0.000000
0.000000 0.000000 0.000000
0.000000 0.000000 0.000000
0.000000 0.000000 0.000000
0.000000 0.000000 0.000000
0.000000 0.000000 0.000000
0.000000 0.000000 0.000000
0.000000 0.000000 0.000000
0.000000 0.000000 0.000000
0.000000 0.000000 0.000000
0.000000 0.000000 0.000000
0.000000 0.000000 0.000000
0.000000 0.000000 0.000000
0.000000 0.000000 0.000000
0.000000 0.000000 0.000000
0.000000 0.000000 0.000000
0.000000 0.000000 0.000000
0.000000 0.000000 0.000000
0.000000 0.000000 0.000000
0.000000 0.000000 0.000000
0.000000 0.000000 0.000000
0.000000 0.000000 0.000000
0.000000 0.000000 0.000000
0.000000 0.000000 0.000000
0.000000 0.000000 0.000000
0.000000 0.000000 0.000000
0.000000 0.000000 0.000000
0.000000 0.000000 0.000000
0.000000 0.000000 0.000000
0.000000 0.000000 0.000000
0.000000 0.000000 0.000000
0.000000 0.000000 0.000000
0.000000 0.000000 0.000000
0.000000 0.000000 0.000000
0.000000 0.000000 0.000000
0.000000 0.000000 0.000000
0.000000 0.000000 0.000000
0.000000 0.000000 0.000000
0.000000 0.000000 0.000000
0.000000 0.000000 0.000000
0.000000 0.000000 0.000000
0.000000 0.000000 0.000000
0.000000 0.000000 0.000000
0.000000 0.000000 0.000000
0.000000 0.000000 0.000000
0.000000 0.000000 0.000000
0.000000 0.000000 0.000000
0.000000 0.000000 0.000000
0.000000 0.000000 0.000000
0.000000 0.000000 0.000000
0.000000 0.000000 0.000000
0.000000 0.000000 0.000000
0.000000 0.000000 0.000000
0.000000 0.000000 0.000000
0.000000 0.000000 0.000000
0.000000 0.000000 0.000000
0.000000 0.000000 0.000000
0.000000 0.000000 0.000000
0.000000 0.000000 0.000000
0.000000 0.000000 0.000000
0.000000 0.000000 0.000000
0.000000 0.000000 0.000000
0.000000 0.000000 0.000000
0.000000 0.000000 0.000000
0.000000 0.000000 0.000000
0.000000 0.000000 0.000000
0.000000 0.000000 0.000000
0.000000 0.000000 0.000000
0.000000 0.000000 0.000000
0.000000 0.000000 0.000000
0.000000 0.000000 0.000000
0.000000 0.000000 0.000000
0.000000 0.000000 0.000000
0.000000 0.000000 0.000000
0.000000 0.000000 0.000000
0.000000 0.000000 0.000000
0.000000 0.000000 0.000000
0.000000 0.000000 0.000000
0.000000 0.000000 0.000000
0.000000 0.000000 0.000000
0.000000 0.000000 0.000000
0.000000 0.000000 0.000000
0.000000 0.000000 0.000000
0.000000 0.000000 0.000000
0.000000 0.000000 0.000000
0.000000 0.000000 0.000000
0.000000 0.000000 0.000000
0.000000 0.000000 0.000000
0.000000 0.000000 0.000000
0.000000 0.000000 0.000000
0.000000 0.000000 0.000000
0.000000 0.000000 0.000000
0.000000 0.000000 0.000000
0.000000 0.000000 0.000000
0.000000 0.000000 0.000000
0.000000 0.000000 0.000000
0.000000 0.000000 0.000000
0.000000 0.000000 0.000000
0.000000 0.000000 0.000000
0.000000 0.000000 0.000000
0.000000 0.000000 0.000000
0.000000 0.000000 0.000000
0.000000 0.000000 0.000000
0.000000 0.000000 0.000000
0.000000 0.000000 0.000000
0.000000 0.000000 0.000000
0.000000 0.000000 0.000000
0.000000 0.000000 0.000000
0.000000 0.000000 0.000000
0.000000 0.000000 0.000000
0.000000 0.000000 0.000000
0.000000 0.000000 0.000000
0.000000 0.000000 0.000000
0.000000 0.000000 0.000000
0.000000 0.000000 0.000000
0.000000 0.000000 0.000000
0.000000 0.000000 0.000000
0.000000 0.000000 0.000000
0.000000 0.000000 0.000000
0.000000 0.000000 0.000000
0.000000 0.000000 0.000000
0.000000 0.000000 0.000000
0.000000 0.000000 0.000000
0.000000 0.000000 0.000000
0.000000 0.000000 0.000000
0.000000 0.000000 0.000000
0.000000 0.000000 0.000000
0.000000 0.000000 0.000000
0.000000 0.000000 0.000000
0.000000 0.000000 0.000000
0.000000 0.000000 0.000000
0.000000 0.000000 0.000000
0.000000 0.000000 0.000000
0.000000 0.000000 0.000000
0.000000 0.000000 0.000000
0.000000 0.000000 0.000000
0.000000 0.000000 0.000000
0.000000 0.000000 0.000000
0.000000 0.000000 0.000000
0.000000 0.000000 0.000000
0.000000 0.000000 0.000000
0.000000 0.000000 0.000000
0.000000 0.000000 0.000000
0.000000 0.000000 0.000000
0.000000 0.000000 0.000000
0.000000 0.000000 0.000000
0.000000 0.000000 0.000000
0.000000 0.000000 0.000000
0.000000 0.000000 0.000000
0.000000 0.000000 0.000000
0.000000 0.000000 0.000000
0.000000 0.000000 0.000000
0.000000 0.000000 0.000000
0.000000 0.000000 0.000000
50.516506 2551.917328 0.000000
50.549517 2555.253619 0.000000
50.582528 2558.592089 0.000000
50.615539 2561.932739 0.000000
50.648550 2565.275568 0.000000
50.681561 2568.620577 0.000000
50.714572 2571.967765 0.000000
50.747583 2575.317132 0.000000
50.780594 2578.668679 0.000000
50.813605 2582.022406 0.000000
50.846616 2585.378312 0.000000
50.879627 2588.736397 0.000000
50.912638 2592.096662 0.000000
50.945649 2595.459106 0.000000
50.978660 2598.823730 0.000000
51.011671 2602.190533 0.000000
51.044682 2605.559516 0.000000
51.077693 2608.930678 0.000000
51.110704 2612.304019 0.000000
51.143715 2615.679540 0.000000
51.176726 2619.057241 0.000000
51.209737 2622.437120 0.000000
51.242748 2625.819180 0.000000
51.275759 2629.203419 0.000000
51.308770 2632.589837 0.000000
51.341781 2635.978435 0.000000
51.374792 2639.369212 0.000000
51.407803 2642.762168 0.000000
51.440814 2646.157304 0.000000
51.473825 2649.554620 0.000000
51.506836 2652.954115 0.000000
51.539847 2656.355789 0.000000
51.572858 2659.759643 0.000000
51.605869 2663.165676 0.000000
51.638880 2666.573889 0.000000
51.671891 2669.984281 0.000000
51.704902 2673.396853 0.000000
51.737913 2676.811604 0.000000
51.770924 2680.228535 0.000000
51.803935 2683.647645 0.000000
51.836946 2687.068934 0.000000
51.869957 2690.492403 0.000000
51.902968 2693.918051 0.000000
51.935979 2697.345879 0.000000
51.968990 2700.775887 0.000000
52.002001 2704.208073 0.000000
52.035012 2707.642440 0.000000
52.068023 2711.078985 0.000000
52.101034 2714.517710 0.000000
52.134045 2717.958615 0.000000
52.167056 2721.401699 0.000000
52.200067 2724.846962 0.000000
52.233078 2728.294405 0.000000
52.266089 2731.744028 0.000000
52.299100 2735.195829 0.000000
52.332111 2738.649811 0.000000
52.365122 2742.105971 0.000000
52.398133 2745.564312 0.000000
52.431144 2749.024831 0.000000
52.464155 2752.487530 0.000000
52.497166 2755.952409 0.000000
52.530177 2759.419467 0.000000
52.563188 2762.888704 0.000000
52.596199 2766.360121 0.000000
52.629210 2769.833717 0.000000
52.662221 2773.309493 0.000000
52.695232 2776.787449 0.000000
52.728243 2780.267583 0.000000
52.761254 2783.749897 0.000000
52.794265 2787.234391 0.000000
52.827276 2790.721064 0.000000
52.860287 2794.209917 0.000000
52.893298 2797.700949 0.000000
52.926309 2801.194160 0.000000
52.959320 2804.689551 0.000000
52.992331 2808.187121 0.000000
53.025342 2811.686871 0.000000
53.058353 2815.188800 0.000000
53.091364 2818.692909 0.000000
53.124375 2822.199197 0.000000
53.157386 2825.707665 0.000000
53.190397 2829.218312 0.000000
53.223408 2832.731138 0.000000
53.256419 2836.246144 0.000000
53.289430 2839.763329 0.000000
53.322441 2843.282694 0.000000
53.355452 2846.804239 0.000000
53.388463 2850.327962 0.000000
53.421474 2853.853866 0.000000
53.454485 2857.381948 0.000000
53.487496 2860.912210 0.000000
53.520507 2864.444652 0.000000
53.553518 2867.979273 0.000000
53.586529 2871.516073 0.000000
53.619540 2875.055053 0.000000
53.652551 2878.596213 0.000000
53.685562 2882.139552 0.000000
53.718573 2885.685070 0.000000
53.751584 2889.232768 0.000000
53.784595 2892.782645 0.000000
53.817606 2896.334701 0.000000
53.850617 2899.888938 0.000000
53.883628 2903.445353 0.000000
53.916639 2907.003948 0.000000
53.949650 2910.564723 0.000000
53.982661 2914.127676 0.000000
54.015672 2917.692810 0.000000
54.048683 2921.260123 0.000000
54.081694 2924.829615 0.000000
54.114705 2928.401287 0.000000
54.147716 2931.975138 0.000000
54.180727 2935.551168 0.000000
54.213738 2939.129378 0.000000
54.246749 2942.709768 0.000000
54.279760 2946.292337 0.000000
54.312771 2949.877085 0.000000
54.345782 2953.464013 0.000000
54.378793 2957.053121 0.000000
54.411804 2960.644407 0.000000
54.444815 2964.237874 0.000000
54.477826 2967.833519 0.000000
54.510837 2971.431345 0.000000
54.543848 2975.031349 0.000000
54.576859 2978.633533 0.000000
54.609870 2982.237897 0.000000
54.642881 2985.844440 0.000000
54.675892 2989.453162 0.000000
54.708903 2993.064064 0.000000
54.741914 2996.677145 0.000000
54.774925 3000.292406 0.000000
54.807936 3003.909846 0.000000
54.840947 3007.529466 0.000000
54.873958 3011.151265 0.000000
54.906969 3014.775244 0.000000
54.939980 3018.401402 0.000000
54.972991 3022.029739 0.000000
55.006002 3025.660256 0.000000
55.039013 3029.292952 0.000000
55.072024 3032.927828 0.000000
55.105035 3036.564884 0.000000
55.138046 3040.204118 0.000000
55.171057 3043.845533 0.000000
55.204068 3047.489126 0.000000
55.237079 3051.134899 0.000000
55.270090 3054.782852 0.000000
55.303101 3058.432984 0.000000
55.336112 3062.085295 0.000000
55.369123 3065.739786 0.000000
55.402134 3069.396457 0.000000
55.435145 3073.055307 0.000000
55.468156 3076.716336 0.000000
55.501167 3080.379545 0.000000
55.534178 3084.044933 0.000000
55.567189 3087.712500 0.000000
55.600200 3091.382247 0.000000
55.633211 3095.054174 0.000000
55.666222 3098.728280 0.000000
55.699233 3102.404565 0.000000
55.732244 3106.083030 0.000000
55.765255 3109.763675 0.000000
55.798266 3113.446499 0.000000
55.831277 3117.131502 0.000000
55.864288 3120.818684 0.000000
55.897299 3124.508047 0.000000
55.930310 3128.199588 0.000000
55.963321 3131.893309 0.000000
55.996332 3135.589210 0.000000
56.029343 3139.287290 0.000000
56.062354 3142.987549 0.000000
56.095365 3146.689988 0.000000
56.128376 3150.394606 0.000000
56.161387 3154.101404 0.000000
56.194398 3157.810381 0.000000
56.227409 3161.521538 0.000000
56.260420 3165.234874 0.000000
56.293431 3168.950390 0.000000
56.326442 3172.668085 0.000000
56.359453 3176.387959 0.000000
56.392464 3180.110013 0.000000
56.425475 3183.834247 0.000000
56.458486 3187.560660 0.000000
56.491497 3191.289252 0.000000
56.524508 3195.020024 0.000000
56.557519 3198.752975 0.000000
56.590530 3202.488106 0.000000
56.623541 3206.225416 0.000000
56.656552 3209.964905 0.000000
56.689563 3213.706574 0.000000
56.722574 3217.450423 0.000000
56.755585 3221.196451 0.000000
56.788596 3224.944658 0.000000
56.821607 3228.695045 0.000000
56.854618 3232.447611 0.000000
56.887629 3236.202357 0.000000
56.920640 3239.959282 0.000000
56.953651 3243.718387 0.000000
56.986662 3247.479671 0.000000
57.019673 3251.243135 0.000000
57.052684 3255.008778 0.000000
57.085695 3258.776600 0.000000
57.118706 3262.546602 0.000000
57.151717 3266.318783 0.000000
57.184728 3270.093144 0.000000
57.217739 3273.869684 0.000000
57.250750 3277.648404 0.000000
57.283761 3281.429303 0.000000
57.316772 3285.212382 0.000000
57.349783 3288.997640 0.000000
57.382794 3292.785078 0.000000
57.415805 3296.574695 0.000000
57.448816 3300.366491 0.000000
57.481827 3304.160467 0.000000
57.514838 3307.956622 0.000000
57.547849 3311.754957 0.000000
57.580860 3315.555471 0.000000
57.613871 3319.358165 0.000000
57.646882 3323.163038 0.000000
57.679893 3326.970091 0.000000
57.712904 3330.779323 0.000000
57.745915 3334.590734 0.000000
57.778926 3338.404325 0.000000
57.811937 3342.220096 0.000000
57.844948 3346.038046 0.000000
57.877959 3349.858175 0.000000
57.910970 3353.680484 0.000000
57.943981 3357.504972 0.000000
57.976992 3361.331640 0.000000
58.010003 3365.160487 0.000000
58.043014 3368.991513 0.000000
58.076025 3372.824719 0.000000
58.109036 3376.660105 0.000000
58.142047 3380.497670 0.000000
58.175058 3384.337414 0.000000
58.208069 3388.179338 0.000000
58.241080 3392.023442 0.000000
58.274091 3395.869724 0.000000
58.307102 3399.718186 0.000000
58.340113 3403.568828 0.000000
58.373124 3407.421649 0.000000
58.406135 3411.276650 0.000000
58.439146 3415.133830 0.000000
58.472157 3418.993189 0.000000
58.505168 3422.854728 0.000000
58.538179 3426.718447 0.000000
58.571190 3430.584344 0.000000
58.604201 3434.452422 0.000000
58.637212 3438.322679 0.000000
58.670223 3442.195115 0.000000
58.703234 3446.069730 0.000000
58.736245 3449.946525 0.000000
58.769256 3453.825500 0.000000
58.802267 3457.706654 0.000000
58.835278 3461.589987 0.000000
58.868289 3465.475500 0.000000
58.901300 3469.363193 0.000000
58.934311 3473.253065 0.000000
58.967322 3477.145116 0.000000
59.000333 3481.039347 0.000000
59.033344 3484.935757 0.000000
59.066355 3488.834346 0.000000
59.099366 3492.735115 0.000000
59.132377 3496.638064 0.000000
59.165388 3500.543192 0.000000
59.198399 3504.450499 0.000000
59.231410 3508.359986 0.000000
59.264421 3512.271653 0.000000
59.297432 3516.185498 0.000000
59.330443 3520.101524 0.000000
59.363454 3524.019728 0.000000
59.396465 3527.940113 0.000000
59.429476 3531.862676 0.000000
59.462487 3535.787419 0.000000
59.495498 3539.714342 0.000000
59.528510 3543.643444 0.000000
59.561521 3547.574725 0.000000
59.594532 3551.508186 0.000000
59.627543 3555.443826 0.000000
59.660554 3559.381646 0.000000
59.693565 3563.321645 0.000000
59.726576 3567.263824 0.000000
59.759587 3571.208182 0.000000
59.792598 3575.154720 0.000000
59.825609 3579.103437 0.000000
59.858620 3583.054333 0.000000
59.891631 3587.007409 0.000000
59.924642 3590.962665 0.000000
59.957653 3594.920099 0.000000
59.990664 3598.879714 0.000000
60.023675 3602.841507 0.000000
60.056686 3606.805481 0.000000
60.089697 3610.771633 0.000000
60.122708 3614.739965 0.000000
60.155719 3618.710477 0.000000
60.188730 3622.683168 0.000000
60.221741 3626.658039 0.000000
60.254752 3630.635088 0.000000
60.287763 3634.614318 0.000000
60.320774 3638.595727 0.000000
60.353785 3642.579315 0.000000
60.386796 3646.565083 0.000000
60.419807 3650.553030 0.000000
60.452818 3654.543156 0.000000
60.485829 3658.535463 0.000000
60.518840 3662.529948 0.000000
60.551851 3666.526613 0.000000
60.584862 3670.525458 0.000000
60.617873 3674.526481 0.000000
60.650884 3678.529685 0.000000
60.683895 3682.535068 0.000000
60.716906 3686.542630 0.000000
60.749917 3690.552372 0.000000
60.782928 3694.564293 0.000000
60.815939 3698.578393 0.000000
60.848950 3702.594673 0.000000
60.881961 3706.613133 0.000000
60.914972 3710.633772 0.000000
60.947983 3714.656590 0.000000
60.980994 3718.681588 0.000000
61.014005 3722.708766 0.000000
61.047016 3726.738122 0.000000
61.080027 3730.769659 0.000000
61.113038 3734.803374 0.000000
61.146049 3738.839270 0.000000
61.179060 3742.877344 0.000000
61.212071 3746.917598 0.000000
61.245082 3750.960032 0.000000
61.278093 3755.004645 0.000000
61.311104 3759.051437 0.000000
61.344115 3763.100409 0.000000
61.377126 3767.151560 0.000000
61.410137 3771.204891 0.000000
61.443148 3775.260401 0.000000
61.476159 3779.318091 0.000000
61.509170 3783.377960 0.000000
61.542181 3787.440009 0.000000
61.575192 3791.504237 0.000000
61.608203 3795.570644 0.000000
61.641214 3799.639231 0.000000
61.674225 3803.709997 0.000000
61.707236 3807.782943 0.000000
61.740247 3811.858069 0.000000
61.773258 3815.935373 0.000000
61.806269 3820.014858 0.000000
61.839280 3824.096521 0.000000
61.872291 3828.180364 0.000000
61.905302 3832.266387 0.000000
61.938313 3836.354589 0.000000
61.971324 3840.444970 0.000000
62.004335 3844.537531 0.000000
62.037346 3848.632272 0.000000
62.070357 3852.729191 0.000000
62.103368 3856.828291 0.000000
62.136379 3860.929569 0.000000
62.169390 3865.033028 0.000000
62.202401 3869.138665 0.000000
62.235412 3873.246482 0.000000
62.268423 3877.356479 0.000000
62.301434 3881.468655 0.000000
62.334445 3885.583010 0.000000
62.367456 3889.699545 0.000000
62.400467 3893.818260 0.000000
62.433478 3897.939153 0.000000
62.466489 3902.062227 0.000000
62.499500 3906.187479 0.000000
62.532511 3910.314912 0.000000
62.565522 3914.444523 0.000000
62.598533 3918.576314 0.000000
62.631544 3922.710285 0.000000
62.664555 3926.846435 0.000000
62.697566 3930.984764 0.000000
62.730577 3935.125273 0.000000
62.763588 3939.267961 0.000000
62.796599 3943.412829 0.000000
62.829610 3947.559876 0.000000
62.862621 3951.709103 0.000000
0.000000 0.000000 0.000000
0.000000 0.000000 0.000000
0.000000 0.000000 0.000000
0.000000 0.000000 0.000000
0.000000 0.000000 0.000000
0.000000 0.000000 0.000000
0.000000 0.000000 0.000000
0.000000 0.000000 0.000000
0.000000 0.000000 0.000000
0.000000 0.000000 0.000000
0.000000 0.000000 0.000000
0.000000 0.000000 0.000000
0.000000 0.000000 0.000000
0.000000 0.000000 0.000000
0.000000 0.000000 0.000000
0.000000 0.000000 0.000000
0.000000 0.000000 0.000000
0.000000 0.000000 0.000000
0.000000 0.000000 0.000000
0.000000 0.000000 0.000000
0.000000 0.000000 0.000000
0.000000 0.000000 0.000000
0.000000 0.000000 0.000000
0.000000 0.000000 0.000000
0.000000 0.000000 0.000000
0.000000 0.000000 0.000000
0.000000 0.000000 0.000000
0.000000 0.000000 0.000000
0.000000 0.000000 0.000000
0.000000 0.000000 0.000000
0.000000 0.000000 0.000000
0.000000 0.000000 0.000000
0.000000 0.000000 0.000000
0.000000 0.000000 0.000000
0.000000 0.000000 0.000000
0.000000 0.000000 0.000000
0.000000 0.000000 0.000000
0.000000 0.000000 0.000000
0.000000 0.000000 0.000000
0.000000 0.000000 0.000000
0.000000 0.000000 0.000000
0.000000 0.000000 0.000000
0.000000 0.000000 0.000000
0.000000 0.000000 0.000000
0.000000 0.000000 0.000000
0.000000 0.000000 0.000000
0.000000 0.000000 0.000000
0.000000 0.000000 0.000000
0.000000 0.000000 0.000000
0.000000 0.000000 0.000000
0.000000 0.000000 0.000000
0.000000 0.000000 0.000000
0.000000 0.000000 0.000000
0.000000 0.000000 0.000000
0.000000 0.000000 0.000000
0.000000 0.000000 0.000000
0.000000 0.000000 0.000000
0.000000 0.000000 0.000000
0.000000 0.000000 0.000000
0.000000 0.000000 0.000000
0.000000 0.000000 0.000000
0.000000 0.000000 0.000000
0.000000 0.000000 0.000000
0.000000 0.000000 0.000000
0.000000 0.000000 0.000000
0.000000 0.000000 0.000000
0.000000 0.000000 0.000000
0.000000 0.000000 0.000000
0.000000 0.000000 0.000000
0.000000 0.000000 0.000000
0.000000 0.000000 0.000000
0.000000 0.000000 0.000000
0.000000 0.000000 0.000000
0.000000 0.000000 0.000000
0.000000 0.000000 0.000000
0.000000 0.000000 0.000000
0.000000 0.000000 0.000000
0.000000 0.000000 0.000000
0.000000 0.000000 0.000000
0.000000 0.000000 0.000000
0.000000 0.000000 0.000000
0.000000 0.000000 0.000000
0.000000 0.000000 0.000000
0.000000 0.000000 0.000000
0.000000 0.000000 0.000000
0.000000 0.000000 0.000000
0.000000 0.000000 0.000000
0.000000 0.000000 0.000000
0.000000 0.000000 0.000000
0.000000 0.000000 0.000000
0.000000 0.000000 0.000000
0.000000 0.000000 0.000000
0.000000 0.000000 0.000000
0.000000 0.000000 0.000000
0.000000 0.000000 0.000000
0.000000 0.000000 0.000000
0.000000 0.000000 0.000000
0.000000 0.000000 0.000000
0.000000 0.000000 0.000000
0.000000 0.000000 0.000000
0.000000 0.000000 0.000000
0.000000 0.000000 0.000000
0.000000 0.000000 0.000000
0.000000 0.000000 0.000000
0.000000 0.000000 0.000000
0.000000 0.000000 0.000000
0.000000 0.000000 0.000000
0.000000 0.000000 0.000000
0.000000 0.000000 0.000000
0.000000 0.000000 0.000000
0.000000 0.000000 0.000000
0.000000 0.000000 0.000000
0.000000 0.000000 0.000000
0.000000 0.000000 0.000000
0.000000 0.000000 0.000000
0.000000 0.000000 0.000000
0.000000 0.000000 0.000000
0.000000 0.000000 0.000000
0.000000 0.000000 0.000000
0.000000 0.000000 0.000000
0.000000 0.000000 0.000000
0.000000 0.000000 0.000000
0.000000 0.000000 0.000000
0.000000 0.000000 0.000000
0.000000 0.000000 0.000000
0.000000 0.000000 0.000000
0.000000 0.000000 0.000000
0.000000 0.000000 0.000000
0.000000 0.000000 0.000000
0.000000 0.000000 0.000000
0.000000 0.000000 0.000000
0.000000 0.000000 0.000000
0.000000 0.000000 0.000000
0.000000 0.000000 0.000000
0.000000 0.000000 0.000000
0.000000 0.000000 0.000000
0.000000 0.000000 0.000000
0.000000 0.000000 0.000000
0.000000 0.000000 0.000000
0.000000 0.000000 0.000000
0.000000 0.000000 0.000000
0.000000 0.000000 0.000000
0.000000 0.000000 0.000000
0.000000 0.000000 0.000000
0.000000 0.000000 0.000000
0.000000 0.000000 0.000000
0.000000 0.000000 0.000000
0.000000 0.000000 0.000000
0.000000 0.000000 0.000000
0.000000 0.000000 0.000000
0.000000 0.000000 0.000000
0.000000 0.000000 0.000000
0.000000 0.000000 0.000000
0.000000 0.000000 0.000000
0.000000 0.000000 0.000000
0.000000 0.000000 0.000000
0.000000 0.000000 0.000000
0.000000 0.000000 0.000000
0.000000 0.000000 0.000000
0.000000 0.000000 0.000000
0.000000 0.000000 0.000000
0.000000 0.000000 0.000000
0.000000 0.000000 0.000000
0.000000 0.000000 0.000000
0.000000 0.000000 0.000000
0.000000 0.000000 0.000000
0.000000 0.000000 0.000000
0.000000 0.000000 0.000000
0.000000 0.000000 0.000000
0.000000 0.000000 0.000000
0.000000 0.000000 0.000000
0.000000 0.000000 0.000000
0.000000 0.000000 0.000000
0.000000 0.000000 0.000000
0.000000 0.000000 0.000000
0.000000 0.000000 0.000000
0.000000 0.000000 0.000000
0.000000 0.000000 0.000000
0.000000 0.000000 0.000000
0.000000 0.000000 0.000000
0.000000 0.000000 0.000000
0.000000 0.000000 0.000000
0.000000 0.000000 0.000000
0.000000 0.000000 0.000000
0.000000 0.000000 0.000000
0.000000 0.000000 0.000000
0.000000 0.000000 0.000000
0.000000 0.000000 0.000000
0.000000 0.000000 0.000000
0.000000 0.000000 0.000000
0.000000 0.000000 0.000000
0.000000 0.000000 0.000000
0.000000 0.000000 0.000000
0.000000 0.000000 0.000000
0.000000 0.000000 0.000000
0.000000 0.000000 0.000000
0.000000 0.000000 0.000000
0.000000 0.000000 0.000000
0.000000 0.000000 0.000000
0.000000 0.000000 0.000000
0.000000 0.000000 0.000000
0.000000 0.000000 0.000000
0.000000 0.000000 0.000000
0.000000 0.000000 0.000000
0.000000 0.000000 0.000000
0.000000 0.000000 0.000000
0.000000 0.000000 0.000000
0.000000 0.000000 0.000000
0.000000 0.000000 0.000000
0.000000 0.000000 0.000000
0.000000 0.000000 0.000000
0.000000 0.000000 0.000000
0.000000 0.000000 0.000000
0.000000 0.000000 0.000000
0.000000 0.000000 0.000000
0.000000 0.000000 0.000000
0.000000 0.000000 0.000000
0.000000 0.000000 0.000000
0.000000 0.000000 0.000000
0.000000 0.000000 0.000000
0.000000 0.000000 0.000000
0.000000 0.000000 0.000000
0.000000 0.000000 0.000000
0.000000 0.000000 0.000000
0.000000 0.000000 0.000000
0.000000 0.000000 0.000000
0.000000 0.000000 0.000000
0.000000 0.000000 0.000000
0.000000 0.000000 0.000000
0.000000 0.000000 0.000000
0.000000 0.000000 0.000000
0.000000 0.000000 0.000000
0.000000 0.000000 0.000000
0.000000 0.000000 0.000000
0.000000 0.000000 0.000000
0.000000 0.000000 0.000000
0.000000 0.000000 0.000000
0.000000 0.000000 0.000000
0.000000 0.000000 0.000000
0.000000 0.000000 0.000000
0.000000 0.000000 0.000000
0.000000 0.000000 0.000000
0.000000 0.000000 0.000000
0.000000 0.000000 0.000000
0.000000 0.000000 0.000000
0.000000 0.000000 0.000000
0.000000 0.000000 0.000000
0.000000 0.000000 0.000000
0.000000 0.000000 0.000000
0.000000 0.000000 0.000000
0.000000 0.000000 0.000000
0.000000 0.000000 0.000000
0.000000 0.000000 0.000000
0.000000 0.000000 0.000000
0.000000 0.000000 0.000000
0.000000 0.000000 0.000000
0.000000 0.000000 0.000000
0.000000 0.000000 0.000000
0.000000 0.000000 0.000000
0.000000 0.000000 0.000000
0.000000 0.000000 0.000000
0.000000 0.000000 0.000000
0.000000 0.000000 0.000000
0.000000 0.000000 0.000000
0.000000 0.000000 0.000000
0.000000 0.000000 0.000000
0.000000 0.000000 0.000000
0.000000 0.000000 0.000000
0.000000 0.000000 0.000000
0.000000 0.000000 0.000000
0.000000 0.000000 0.000000
0.000000 0.000000 0.000000
0.000000 0.000000 0.000000
0.000000 0.000000 0.000000
0.000000 0.000000 0.000000
0.000000 0.000000 0.000000
0.000000 0.000000 0.000000
0.000000 0.000000 0.000000
0.000000 0.000000 0.000000
0.000000 0.000000 0.000000
0.000000 0.000000 0.000000
0.000000 0.000000 0.000000
0.000000 0.000000 0.000000
0.000000 0.000000 0.000000
0.000000 0.000000 0.000000
0.000000 0.000000 0.000000
0.000000 0.000000 0.000000
0.000000 0.000000 0.000000
0.000000 0.000000 0.000000
0.000000 0.000000 0.000000
0.000000 0.000000 0.000000
0.000000 0.000000 0.000000
0.000000 0.000000 0.000000
0.000000 0.000000 0.000000
0.000000 0.000000 0.000000
0.000000 0.000000 0.000000
0.000000 0.000000 0.000000
0.000000 0.000000 0.000000
0.000000 0.000000 0.000000
0.000000 0.000000 0.000000
0.000000 0.000000 0.000000
0.000000 0.000000 0.000000
0.000000 0.000000 0.000000
0.000000 0.000000 0.000000
0.000000 0.000000 0.000000
0.000000 0.000000 0.000000
0.000000 0.000000 0.000000
0.000000 0.000000 0.000000
0.000000 0.000000 0.000000
0.000000 0.000000 0.000000
0.000000 0.000000 0.000000
0.000000 0.000000 0.000000
0.000000 0.000000 0.000000
0.000000 0.000000 0.000000
0.000000 0.000000 0.000000
0.000000 0.000000 0.000000
0.000000 0.000000 0.000000
0.000000 0.000000 0.000000
0.000000 0.000000 0.000000
0.000000 0.000000 0.000000
0.000000 0.000000 0.000000
0.000000 0.000000 0.000000
0.000000 0.000000 0.000000
0.000000 0.000000 0.000000
0.000000 0.000000 0.000000
0.000000 0.000000 0.000000
0.000000 0.000000 0.000000
0.000000 0.000000 0.000000
0.000000 0.000000 0.000000
0.000000 0.000000 0.000000
0.000000 0.000000 0.000000
0.000000 0.000000 0.000000
0.000000 0.000000 0.000000
0.000000 0.000000 0.000000
0.000000 0.000000 0.000000
0.000000 0.000000 0.000000
0.000000 0.000000 0.000000
0.000000 0.000000 0.000000
0.000000 0.000000 0.000000
0.000000 0.000000 0.000000
0.000000 0.000000 0.000000
0.000000 0.000000 0.000000
0.000000 0.000000 0.000000
0.000000 0.000000 0.000000
0.000000 0.000000 0.000000
0.000000 0.000000 0.000000
0.000000 0.000000 0.000000
0.000000 0.000000 0.000000
0.000000 0.000000 0.000000
0.000000 0.000000 0.000000
0.000000 0.000000 0.000000
0.000000 0.000000 0.000000
0.000000 0.000000 0.000000
0.000000 0.000000 0.000000
0.000000 0.000000 0.000000
0.000000 0.000000 0.000000
0.000000 0.000000 0.000000
0.000000 0.000000 0.000000
0.000000 0.000000 0.000000
0.000000 0.000000 0.000000
0.000000 0.000000 0.000000
0.000000 0.000000 0.000000
0.000000 0.000000 0.000000
0.000000 0.000000 0.000000
0.000000 0.000000 0.000000
0.000000 0.000000 0.000000
0.000000 0.000000 0.000000
0.000000 0.000000 0.000000
0.000000 0.000000 0.000000
0.000000 0.000000 0.000000
0.000000 0.000000 0.000000
0.000000 0.000000 0.000000
0.000000 0.000000 0.000000
0.000000 0.000000 0.000000
0.000000 0.000000 0.000000
0.000000 0.000000 0.000000
0.000000 0.000000 0.000000
0.000000 0.000000 0.000000
0.000000 0.000000 0.000000
0.000000 0.000000 0.000000
0.000000 0.000000 0.000000
0.000000 0.000000 0.000000
0.000000 0.000000 0.000000
0.000000 0.000000 0.000000
0.000000 0.000000 0.000000
0.000000 0.000000 0.000000
0.000000 0.000000 0.000000
0.000000 0.000000 0.000000
0.000000 0.000000 0.000000
0.000000 0.000000 0.000000
0.000000 0.000000 0.000000
0.000000 0.000000 0.000000
0.000000 0.000000 0.000000
0.000000 0.000000 0.000000
0.000000 0.000000 0.000000
0.000000 0.000000 0.000000
0.000000 0.000000 0.000000
0.000000 0.000000 0.000000
0.000000 0.000000 0.000000
0.000000 0.000000 0.000000
0.000000 0.000000 0.000000
0.000000 0.000000 0.000000
0.000000 0.000000 0.000000
0.000000 0.000000 0.000000
0.000000 0.000000 0.000000
0.000000 0.000000 0.000000
0.000000 0.000000 0.000000
0.000000 0.000000 0.000000
0.000000 0.000000 0.000000
0.000000 0.000000 0.000000
0.000000 0.000000 0.000000
0.000000 0.000000 0.000000
0.000000 0.000000 0.000000
0.000000 0.000000 0.000000
0.000000 0.000000 0.000000
0.000000 0.000000 0.000000
0.000000 0.000000 0.000000
0.000000 0.000000 0.000000
0.000000 0.000000 0.000000
0.000000 0.000000 0.000000
0.000000 0.000000 0.000000
0.000000 0.000000 0.000000
0.000000 0.000000 0.000000
0.000000 0.000000 0.000000
0.000000 0.000000 0.000000
0.000000 0.000000 0.000000
0.000000 0.000000 0.000000
0.000000 0.000000 0.000000
0.000000 0.000000 0.000000
0.000000 0.000000 0.000000
0.000000 0.000000 0.000000
0.000000 0.000000 0.000000
0.000000 0.000000 0.000000
0.000000 0.000000 0.000000
0.000000 0.000000 0.000000
0.000000 0.000000 0.000000
0.000000 0.000000 0.000000
0.000000 0.000000 0.000000
0.000000 0.000000 0.000000
0.000000 0.000000 0.000000
0.000000 0.000000 0.000000
0.000000 0.000000 0.000000
0.000000 0.000000 0.000000
0.000000 0.000000 0.000000
0.000000 0.000000 0.000000
0.000000 0.000000 0.000000
0.000000 0.000000 0.000000
0.000000 0.000000 0.000000
0.000000 0.000000 0.000000
0.000000 0.000000 0.000000
0.000000 0.000000 0.000000
0.000000 0.000000 0.000000
0.000000 0.000000 0.000000
0.000000 0.000000 0.000000
0.000000 0.000000 0.000000
0.000000 0.000000 0.000000
0.000000 0.000000 0.000000
0.000000 0.000000 0.000000
0.000000 0.000000 0.000000
0.000000 0.000000 0.000000
0.000000 0.000000 0.000000
0.000000 0.000000 0.000000
0.000000 0.000000 0.000000
0.000000 0.000000 0.000000
0.000000 0.000000 0.000000
0.000000 0.000000 0.000000
0.000000 0.000000 0.000000
0.000000 0.000000 0.000000
0.000000 0.000000 0.000000
0.000000 0.000000 0.000000
0.000000 0.000000 0.000000
0.000000 0.000000 0.000000
0.000000 0.000000 0.000000
0.000000 0.000000 0.000000
0.000000 0.000000 0.000000
0.000000 0.000000 0.000000
0.000000 0.000000 0.000000
0.000000 0.000000 0.000000
0.000000 0.000000 0.000000
0.000000 0.000000 0.000000
0.000000 0.000000 0.000000
0.000000 0.000000 0.000000
0.000000 0.000000 0.000000
0.000000 0.000000 0.000000
0.000000 0.000000 0.000000
0.000000 0.000000 0.000000
0.000000 0.000000 0.000000
0.000000 0.000000 0.000000
0.000000 0.000000 0.000000
0.000000 0.000000 0.000000
0.000000 0.000000 0.000000
0.000000 0.000000 0.000000
0.000000 0.000000 0.000000
0.000000 0.000000 0.000000
0.000000 0.000000 0.000000
0.000000 0.000000 0.000000
0.000000 0.000000 0.000000
0.000000 0.000000 0.000000
0.000000 0.000000 0.000000
0.000000 0.000000 0.000000
0.000000 0.000000 0.000000
0.000000 0.000000 0.000000
0.000000 0.000000 0.000000
0.000000 0.000000 0.000000
0.000000 0.000000 0.000000
0.000000 0.000000 0.000000
0.000000 0.000000 0.000000
0.000000 0.000000 0.000000
0.000000 0.000000 0.000000
0.000000 0.000000 0.000000
0.000000 0.000000 0.000000
0.000000 0.000000 0.000000
0.000000 0.000000 0.000000
0.000000 0.000000 0.000000
0.000000 0.000000 0.000000
0.000000 0.000000 0.000000
0.000000 0.000000 0.000000
0.000000 0.000000 0.000000
0.000000 0.000000 0.000000
0.000000 0.000000 0.000000
0.000000 0.000000 0.000000
0.000000 0.000000 0.000000
0.000000 0.000000 0.000000
0.000000 0.000000 0.000000
0.000000 0.000000 0.000000
0.000000 0.000000 0.000000
0.000000 0.000000 0.000000
0.000000 0.000000 0.000000
0.000000 0.000000 0.000000
0.000000 0.000000 0.000000
0.000000 0.000000 0.000000
0.000000 0.000000 0.000000
0.000000 0.000000 0.000000
0.000000 0.000000 0.000000
0.000000 0.000000 0.000000
0.000000 0.000000 0.000000
0.000000 0.000000 0.000000
0.000000 0.000000 0.000000
0.000000 0.000000 0.000000
0.000000 0.000000 0.000000
0.000000 0.000000 0.000000
0.000000 0.000000 0.000000
0.000000 0.000000 0.000000
0.000000 0.000000 0.000000
0.000000 0.000000 0.000000
0.000000 0.000000 0.000000
0.000000 0.000000 0.000000
0.000000 0.000000 0.000000
0.000000 0.000000 0.000000
0.000000 0.000000 0.000000
0.000000 0.000000 0.000000
0.000000 0.000000 0.000000
0.000000 0.000000 0.000000
0.000000 0.000000 0.000000
0.000000 0.000000 0.000000
0.000000 0.000000 0.000000
0.000000 0.000000 0.000000
0.000000 0.000000 0.000000
0.000000 0.000000 0.000000
0.000000 0.000000 0.000000
0.000000 0.000000 0.000000
0.000000 0.000000 0.000000
0.000000 0.000000 0.000000
0.000000 0.000000 0.000000
0.000000 0.000000 0.000000
0.000000 0.000000 0.000000
0.000000 0.000000 0.000000
0.000000 0.000000 0.000000
0.000000 0.000000 0.000000
0.000000 0.000000 0.000000
0.000000 0.000000 0.000000
0.000000 0.000000 0.000000
0.000000 0.000000 0.000000
0.000000 0.000000 0.000000
0.000000 0.000000 0.000000
0.000000 0.000000 0.000000
0.000000 0.000000 0.000000
0.000000 0.000000 0.000000
0.000000 0.000000 0.000000
0.000000 0.000000 0.000000
0.000000 0.000000 0.000000
0.000000 0.000000 0.000000
0.000000 0.000000 0.000000
0.000000 0.000000 0.000000
0.000000 0.000000 0.000000
0.000000 0.000000 0.000000
0.000000 0.000000 0.000000
0.000000 0.000000 0.000000
0.000000 0.000000 0.000000
0.000000 0.000000 0.000000
0.000000 0.000000 0.000000
0.000000 0.000000 0.000000
0.000000 0.000000 0.000000
0.000000 0.000000 0.000000
0.000000 0.000000 0.000000
0.000000 0.000000 0.000000
0.000000 0.000000 0.000000
0.000000 0.000000 0.000000
0.000000 0.000000 0.000000
0.000000 0.000000 0.000000
0.000000 0.000000 0.000000
0.000000 0.000000 0.000000
0.000000 0.000000 0.000000
0.000000 0.000000 0.000000
0.000000 0.000000 0.000000
0.000000 0.000000 0.000000
0.000000 0.000000 0.000000
0.000000 0.000000 0.000000
0.000000 0.000000 0.000000
0.000000 0.000000 0.000000
0.000000 0.000000 0.000000
0.000000 0.000000 0.000000
0.000000 0.000000 0.000000
0.000000 0.000000 0.000000
0.000000 0.000000 0.000000
0.000000 0.000000 0.000000
0.000000 0.000000 0.000000
0.000000 0.000000 0.000000
0.000000 0.000000 0.000000
0.000000 0.000000 0.000000
0.000000 0.000000 0.000000
0.000000 0.000000 0.000000
0.000000 0.000000 0.000000
0.000000 0.000000 0.000000
0.000000 0.000000 0.000000
0.000000 0.000000 0.000000
0.000000 0.000000 0.000000
0.000000 0.000000 0.000000
0.000000 0.000000 0.000000
0.000000 0.000000 0.000000
0.000000 0.000000 0.000000
0.000000 0.000000 0.000000
0.000000 0.000000 0.000000
0.000000 0.000000 0.000000
0.000000 0.000000 0.000000
0.000000 0.000000 0.000000
0.000000 0.000000 0.000000
0.000000 0.000000 0.000000
0.000000 0.000000 0.000000
0.000000 0.000000 0.000000
0.000000 0.000000 0.000000
0.000000 0.000000 0.000000
0.000000 0.000000 0.000000
0.000000 0.000000 0.000000
0.000000 0.000000 0.000000
0.000000 0.000000 0.000000
0.000000 0.000000 0.000000
0.000000 0.000000 0.000000
0.000000 0.000000 0.000000
0.000000 0.000000 0.000000
0.000000 0.000000 0.000000
0.000000 0.000000 0.000000
0.000000 0.000000 0.000000
0.000000 0.000000 0.000000
0.000000 0.000000 0.000000
0.000000 0.000000 0.000000
0.000000 0.000000 0.000000
0.000000 0.000000 0.000000
0.000000 0.000000 0.000000
0.000000 0.000000 0.000000
0.000000 0.000000 0.000000
0.000000 0.000000 0.000000
0.000000 0.000000 0.000000
0.000000 0.000000 0.000000
0.000000 0.000000 0.000000
0.000000 0.000000 0.000000
0.000000 0.000000 0.000000
0.000000 0.000000 0.000000
0.000000 0.000000 0.000000
0.000000 0.000000 0.000000
0.000000 0.000000 0.000000
0.000000 0.000000 0.000000
0.000000 0.000000 0.000000
0.000000 0.000000 0.000000
0.000000 0.000000 0.000000
0.000000 0.000000 0.000000
0.000000 0.000000 0.000000
0.000000 0.000000 0.000000
0.000000 0.000000 0.000000
0.000000 0.000000 0.000000
0.000000 0.000000 0.000000
0.000000 0.000000 0.000000
0.000000 0.000000 0.000000
0.000000 0.000000 0.000000
0.000000 0.000000 0.000000
0.000000 0.000000 0.000000
0.000000 0.000000 0.000000
0.000000 0.000000 0.000000
0.000000 0.000000 0.000000
0.000000 0.000000 0.000000
0.000000 0.000000 0.000000
0.000000 0.000000 0.000000
0.000000 0.000000 0.000000
0.000000 0.000000 0.000000
0.000000 0.000000 0.000000
0.000000 0.000000 0.000000
0.000000 0.000000 0.000000
0.000000 0.000000 0.000000
0.000000 0.000000 0.000000
0.000000 0.000000 0.000000
0.000000 0.000000 0.000000
0.000000 0.000000 0.000000
0.000000 0.000000 0.000000
0.000000 0.000000 0.000000
0.000000 0.000000 0.000000
0.000000 0.000000 0.000000
0.000000 0.000000 0.000000
0.000000 0.000000 0.000000
0.000000 0.000000 0.000000
0.000000 0.000000 0.000000
0.000000 0.000000 0.000000
0.000000 0.000000 0.000000
0.000000 0.000000 0.000000
0.000000 0.000000 0.000000
0.000000 0.000000 0.000000
0.000000 0.000000 0.000000
0.000000 0.000000 0.000000
0.000000 0.000000 0.000000
0.000000 0.000000 0.000000
0.000000 0.000000 0.000000
0.000000 0.000000 0.000000
0.000000 0.000000 0.000000
0.000000 0.000000 0.000000
0.000000 0.000000 0.000000
0.000000 0.000000 0.000000
0.000000 0.000000 0.000000
0.000000 0.000000 0.000000
0.000000 0.000000 0.000000
0.000000 0.000000 0.000000
0.000000 0.000000 0.000000
0.000000 0.000000 0.000000
0.000000 0.000000 0.000000
0.000000 0.000000 0.000000
0.000000 0.000000 0.000000
0.000000 0.000000 0.000000
0.000000 0.000000 0.000000
0.000000 0.000000 0.000000
0.000000 0.000000 0.000000
0.000000 0.000000 0.000000
0.000000 0.000000 0.000000
0.000000 0.000000 0.000000
0.000000 0.000000 0.000000
0.000000 0.000000 0.000000
0.000000 0.000000 0.000000
0.000000 0.000000 0.000000
0.000000 0.000000 0.000000
0.000000 0.000000 0.000000
0.000000 0.000000 0.000000
0.000000 0.000000 0.000000
0.000000 0.000000 0.000000
87.653885 7683.203490 0.000000
87.686896 7688.991666 0.000000
87.719907 7694.782020 0.000000
87.752918 7700.574554 0.000000
87.785929 7706.369268 0.000000
87.818940 7712.166161 0.000000
87.851951 7717.965233 0.000000
87.884962 7723.766485 0.000000
87.917973 7729.569916 0.000000
87.950984 7735.375527 0.000000
87.983995 7741.183317 0.000000
88.017006 7746.993287 0.000000
88.050017 7752.805436 0.000000
88.083028 7758.619765 0.000000
88.116039 7764.436273 0.000000
88.149050 7770.254960 0.000000
88.182061 7776.075827 0.000000
88.215072 7781.898873 0.000000
88.248083 7787.724099 0.000000
88.281094 7793.551504 0.000000
88.314105 7799.381089 0.000000
88.347116 7805.212853 0.000000
88.380127 7811.046797 0.000000
88.413138 7816.882920 0.000000
88.446149 7822.721223 0.000000
88.479160 7828.561705 0.000000
88.512171 7834.404366 0.000000
88.545182 7840.249207 0.000000
88.578193 7846.096227 0.000000
88.611204 7851.945427 0.000000
88.644215 7857.796807 0.000000
88.677226 7863.650365 0.000000
88.710237 7869.506103 0.000000
88.743248 7875.364021 0.000000
88.776259 7881.224118 0.000000
88.809270 7887.086395 0.000000
88.842281 7892.950851 0.000000
88.875292 7898.817486 0.000000
88.908303 7904.686301 0.000000
88.941314 7910.557295 0.000000
88.974325 7916.430469 0.000000
89.007336 7922.305822 0.000000
89.040347 7928.183355 0.000000
89.073358 7934.063067 0.000000
89.106369 7939.944959 0.000000
89.139380 7945.829030 0.000000
89.172391 7951.715280 0.000000
89.205402 7957.603710 0.000000
89.238413 7963.494320 0.000000
89.271424 7969.387109 0.000000
89.304435 7975.282077 0.000000
89.337446 7981.179225 0.000000
89.370457 7987.078552 0.000000
89.403468 7992.980059 0.000000
89.436479 7998.883745 0.000000
89.469490 8004.789610 0.000000
89.502501 8010.697655 0.000000
89.535512 8016.607880 0.000000
89.568523 8022.520284 0.000000
89.601534 8028.434867 0.000000
89.634545 8034.351630 0.000000
89.667556 8040.270572 0.000000
89.700567 8046.191694 0.000000
89.733578 8052.114995 0.000000
89.766589 8058.040476 0.000000
89.799600 8063.968136 0.000000
89.832611 8069.897976 0.000000
89.865622 8075.829995 0.000000
89.898633 8081.764193 0.000000
89.931644 8087.700571 0.000000
89.964655 8093.639129 0.000000
89.997666 8099.579865 0.000000
90.030677 8105.522782 0.000000
90.063688 8111.467877 0.000000
90.096699 8117.415153 0.000000
90.129710 8123.364607 0.000000
90.162721 8129.316241 0.000000
90.195732 8135.270055 0.000000
90.228743 8141.226048 0.000000
90.261754 8147.184220 0.000000
90.294765 8153.144572 0.000000
90.327776 8159.107104 0.000000
90.360787 8165.071814 0.000000
90.393798 8171.038705 0.000000
90.426809 8177.007774 0.000000
90.459820 8182.979024 0.000000
90.492831 8188.952452 0.000000
90.525842 8194.928060 0.000000
90.558853 8200.905848 0.000000
90.591864 8206.885815 0.000000
90.624875 8212.867961 0.000000
90.657886 8218.852287 0.000000
90.690897 8224.838792 0.000000
90.723908 8230.827477 0.000000
90.756919 8236.818341 0.000000
90.789930 8242.811385 0.000000
90.822941 8248.806608 0.000000
90.855952 8254.804011 0.000000
90.888963 8260.803593 0.000000
90.921974 8266.805354 0.000000
90.954985 8272.809295 0.000000
90.987996 8278.815416 0.000000
91.021007 8284.823716 0.000000
91.054018 8290.834195 0.000000
91.087029 8296.846854 0.000000
91.120040 8302.861692 0.000000
91.153051 8308.878710 0.000000
91.186062 8314.897907 0.000000
91.219073 8320.919283 0.000000
91.252084 8326.942839 0.000000
91.285095 8332.968575 0.000000
91.318106 8338.996490 0.000000
91.351117 8345.026584 0.000000
91.384128 8351.058858 0.000000
91.417139 8357.093311 0.000000
91.450150 8363.129944 0.000000
91.483161 8369.168756 0.000000
91.516172 8375.209748 0.000000
91.549183 8381.252919 0.000000
91.582194 8387.298270 0.000000
91.615205 8393.345800 0.000000
91.648216 8399.395509 0.000000
91.681227 8405.447398 0.000000
91.714238 8411.501466 0.000000
91.747249 8417.557714 0.000000
91.780260 8423.616142 0.000000
91.813271 8429.676748 0.000000
91.846282 8435.739534 0.000000
91.879293 8441.804500 0.000000
91.912304 8447.871645 0.000000
91.945315 8453.940970 0.000000
91.978326 8460.012474 0.000000
92.011337 8466.086157 0.000000
92.044348 8472.162020 0.000000
92.077359 8478.240062 0.000000
92.110370 8484.320284 0.000000
92.143381 8490.402686 0.000000
92.176392 8496.487266 0.000000
92.209403 8502.574026 0.000000
92.242414 8508.662966 0.000000
92.275425 8514.754085 0.000000
92.308436 8520.847384 0.000000
92.341447 8526.942862 0.000000
92.374458 8533.040519 0.000000
92.407469 8539.140356 0.000000
92.440480 8545.242372 0.000000
92.473491 8551.346568 0.000000
92.506502 8557.452943 0.000000
92.539513 8563.561498 0.000000
92.572524 8569.672232 0.000000
92.605535 8575.785146 0.000000
92.638546 8581.900239 0.000000
92.671557 8588.017511 0.000000
92.704568 8594.136963 0.000000
92.737579 8600.258595 0.000000
92.770590 8606.382405 0.000000
92.803601 8612.508396 0.000000
92.836612 8618.636566 0.000000
92.869623 8624.766915 0.000000
92.902634 8630.899443 0.000000
92.935645 8637.034152 0.000000
92.968656 8643.171039 0.000000
93.001667 8649.310106 0.000000
93.034678 8655.451353 0.000000
93.067689 8661.594779 0.000000
93.100700 8667.740384 0.000000
93.133711 8673.888169 0.000000
93.166722 8680.038133 0.000000
93.199733 8686.190277 0.000000
93.232744 8692.344600 0.000000
93.265755 8698.501103 0.000000
93.298766 8704.659785 0.000000
93.331777 8710.820646 0.000000
93.364788 8716.983687 0.000000
93.397799 8723.148908 0.000000
93.430810 8729.316308 0.000000
93.463821 8735.485887 0.000000
93.496832 8741.657646 0.000000
93.529843 8747.831584 0.000000
93.562854 8754.007702 0.000000
93.595865 8760.185999 0.000000
93.628876 8766.366476 0.000000
93.661887 8772.549132 0.000000
93.694898 8778.733967 0.000000
93.727909 8784.920982 0.000000
93.760920 8791.110177 0.000000
93.793931 8797.301551 0.000000
93.826942 8803.495104 0.000000
93.859953 8809.690837 0.000000
93.892964 8815.888749 0.000000
93.925975 8822.088841 0.000000
93.958986 8828.291112 0.000000
93.991997 8834.495563 0.000000
94.025008 8840.702193 0.000000
94.058019 8846.911002 0.000000
94.091030 8853.121991 0.000000
94.124041 8859.335160 0.000000
94.157052 8865.550507 0.000000
94.190063 8871.768035 0.000000
94.223074 8877.987741 0.000000
94.256085 8884.209628 0.000000
94.289096 8890.433693 0.000000
94.322107 8896.659939 0.000000
94.355118 8902.888363 0.000000
94.388129 8909.118967 0.000000
94.421140 8915.351751 0.000000
94.454151 8921.586714 0.000000
94.487162 8927.823856 0.000000
94.520173 8934.063178 0.000000
94.553184 8940.304679 0.000000
94.586195 8946.548360 0.000000
94.619206 8952.794220 0.000000
94.652217 8959.042260 0.000000
94.685228 8965.292479 0.000000
94.718239 8971.544878 0.000000
94.751250 8977.799456 0.000000
94.784261 8984.056213 0.000000
94.817272 8990.315150 0.000000
94.850283 8996.576266 0.000000
94.883294 9002.839562 0.000000
94.916305 9009.105037 0.000000
94.949316 9015.372692 0.000000
94.982327 9021.642526 0.000000
95.015338 9027.914540 0.000000
95.048349 9034.188733 0.000000
95.081360 9040.465106 0.000000
95.114371 9046.743658 0.000000
95.147382 9053.024389 0.000000
95.180393 9059.307300 0.000000
95.213404 9065.592390 0.000000
95.246415 9071.879660 0.000000
95.279426 9078.169109 0.000000
95.312437 9084.460738 0.000000
95.345448 9090.754546 0.000000
95.378459 9097.050534 0.000000
95.411470 9103.348701 0.000000
95.444481 9109.649048 0.000000
95.477492 9115.951574 0.000000
95.510504 9122.256279 0.000000
95.543515 9128.563164 0.000000
95.576526 9134.872228 0.000000
95.609537 9141.183472 0.000000
95.642548 9147.496895 0.000000
95.675559 9153.812498 0.000000
95.708570 9160.130280 0.000000
95.741581 9166.450242 0.000000
95.774592 9172.772383 0.000000
95.807603 9179.096703 0.000000
95.840614 9185.423203 0.000000
95.873625 9191.751883 0.000000
95.906636 9198.082742 0.000000
95.939647 9204.415780 0.000000
95.972658 9210.750998 0.000000
96.005669 9217.088395 0.000000
96.038680 9223.427972 0.000000
96.071691 9229.769728 0.000000
96.104702 9236.113663 0.000000
96.137713 9242.459778 0.000000
96.170724 9248.808073 0.000000
96.203735 9255.158547 0.000000
96.236746 9261.511200 0.000000
96.269757 9267.866033 0.000000
96.302768 9274.223045 0.000000
96.335779 9280.582237 0.000000
96.368790 9286.943608 0.000000
96.401801 9293.307159 0.000000
96.434812 9299.672889 0.000000
96.467823 9306.040799 0.000000
96.500834 9312.410888 0.000000
96.533845 9318.783156 0.000000
96.566856 9325.157604 0.000000
96.599867 9331.534231 0.000000
96.632878 9337.913038 0.000000
96.665889 9344.294025 0.000000
96.698900 9350.677190 0.000000
96.731911 9357.062535 0.000000
96.764922 9363.450060 0.000000
96.797933 9369.839764 0.000000
96.830944 9376.231648 0.000000
96.863955 9382.625711 0.000000
96.896966 9389.021953 0.000000
96.929977 9395.420375 0.000000
96.962988 9401.820976 0.000000
96.995999 9408.223757 0.000000
97.029010 9414.628718 0.000000
97.062021 9421.035857 0.000000
97.095032 9427.445176 0.000000
97.128043 9433.856675 0.000000
97.161054 9440.270353 0.000000
97.194065 9446.686211 0.000000
97.227076 9453.104248 0.000000
97.260087 9459.524464 0.000000
97.293098 9465.946860 0.000000
97.326109 9472.371435 0.000000
97.359120 9478.798190 0.000000
97.392131 9485.227124 0.000000
97.425142 9491.658238 0.000000
97.458153 9498.091531 0.000000
97.491164 9504.527004 0.000000
97.524175 9510.964656 0.000000
97.557186 9517.404487 0.000000
97.590197 9523.846498 0.000000
97.623208 9530.290689 0.000000
97.656219 9536.737059 0.000000
97.689230 9543.185608 0.000000
97.722241 9549.636337 0.000000
97.755252 9556.089245 0.000000
97.788263 9562.544332 0.000000
97.821274 9569.001600 0.000000
97.854285 9575.461046 0.000000
97.887296 9581.922672 0.000000
97.920307 9588.386478 0.000000
97.953318 9594.852463 0.000000
97.986329 9601.320627 0.000000
98.019340 9607.790971 0.000000
98.052351 9614.263494 0.000000
98.085362 9620.738197 0.000000
98.118373 9627.215079 0.000000
98.151384 9633.694141 0.000000
98.184395 9640.175382 0.000000
98.217406 9646.658802 0.000000
98.250417 9653.144402 0.000000
98.283428 9659.632182 0.000000
98.316439 9666.122141 0.000000
98.349450 9672.614279 0.000000
98.382461 9679.108597 0.000000
98.415472 9685.605094 0.000000
98.448483 9692.103771 0.000000
98.481494 9698.604627 0.000000
98.514505 9705.107663 0.000000
98.547516 9711.612878 0.000000
98.580527 9718.120273 0.000000
98.613538 9724.629846 0.000000
98.646549 9731.141600 0.000000
98.679560 9737.655533 0.000000
98.712571 9744.171645 0.000000
98.745582 9750.689937 0.000000
98.778593 9757.210408 0.000000
98.811604 9763.733059 0.000000
98.844615 9770.257889 0.000000
98.877626 9776.784899 0.000000
98.910637 9783.314088 0.000000
98.943648 9789.845456 0.000000
98.976659 9796.379004 0.000000
99.009670 9802.914732 0.000000
99.042681 9809.452639 0.000000
99.075692 9815.992725 0.000000
99.108703 9822.534991 0.000000
99.141714 9829.079436 0.000000
99.174725 9835.626061 0.000000
99.207736 9842.174865 0.000000
99.240747 9848.725848 0.000000
99.273758 9855.279011 0.000000
99.306769 9861.834354 0.000000
99.339780 9868.391876 0.000000
99.372791 9874.951577 0.000000
99.405802 9881.513458 0.000000
99.438813 9888.077518 0.000000
99.471824 9894.643758 0.000000
99.504835 9901.212177 0.000000
99.537846 9907.782776 0.000000
99.570857 9914.355554 0.000000
99.603868 9920.930512 0.000000
99.636879 9927.507649 0.000000
99.669890 9934.086965 0.000000
99.702901 9940.668461 0.000000
99.735912 9947.252137 0.000000
99.768923 9953.837991 0.000000
99.801934 9960.426026 0.000000
99.834945 9967.016239 0.000000
99.867956 9973.608633 0.000000
99.900967 9980.203205 0.000000
99.933978 9986.799957 0.000000
99.966989 9993.398889 0.000000
100.000000 10000.000000 0.000000
