1.000000 0.841471 0.536765
1.198397 0.931457 0.361469
1.396794 0.984900 0.171993
1.595190 0.999702 -0.024232
1.793587 0.975285 -0.219506
1.991984 0.912604 -0.406168
2.190381 0.814120 -0.576895
2.388778 0.683696 -0.724989
2.587174 0.526449 -0.844640
2.785571 0.348548 -0.931154
2.983968 0.156973 -0.981137
3.182365 -0.040761 -0.992627
3.380762 -0.236895 -0.965174
3.579158 -0.423736 -0.899855
3.777555 -0.593952 -0.799233
3.975952 -0.740866 -0.667255
4.174349 -0.858715 -0.509099
4.372745 -0.942873 -0.330970
4.571142 -0.990041 -0.139856
4.769539 -0.998367 0.056745
4.967936 -0.967525 0.251120
5.166333 -0.898725 0.435642
5.364729 -0.794665 0.603073
5.563126 -0.659429 0.746845
5.761523 -0.498322 0.861316
5.959920 -0.317665 0.941995
6.158317 -0.124544 0.985718
6.356713 0.073462 0.990768
6.555110 0.268586 0.956949
6.753507 0.453173 0.885586
6.951904 0.619981 0.779480
7.150301 0.762466 0.642792
7.348697 0.875037 0.480887
7.547094 0.953278 0.300115
7.745491 0.994121 0.107569
7.943888 0.995961 -0.089197
8.142285 0.958728 -0.282464
8.340681 0.883881 -0.464649
8.539078 0.774358 -0.628605
8.737475 0.634455 -0.767899
8.935872 0.469661 -0.877067
9.134269 0.286440 -0.951825
9.332665 0.091982 -0.989241
9.531062 -0.106084 -0.987847
9.729459 -0.299989 -0.947697
9.927856 -0.482124 -0.870367
10.126253 -0.645345 -0.758890
10.324649 -0.783247 -0.617640
10.523046 -0.890420 -0.452159
10.721443 -0.962661 -0.268938
10.919840 -0.997134 -0.075167
11.118236 -0.992486 0.121554
11.316633 -0.948902 0.313505
11.515030 -0.868089 0.493158
11.713427 -0.753220 0.653462
11.911824 -0.608800 0.788130
12.110220 -0.440495 0.891877
12.308617 -0.254909 0.960634
12.507014 -0.059322 0.991703
12.705411 0.138593 0.983865
12.903808 0.331070 0.937428
13.102204 0.510558 0.854214
13.300601 0.670016 0.737486
13.498998 0.803188 0.591825
13.697395 0.904849 0.422946
13.895792 0.971010 0.237473
14.094188 0.999077 0.042684
14.292585 0.987947 -0.153780
14.490982 0.938058 -0.344211
14.689379 0.851366 -0.521137
14.887776 0.731274 -0.677618
15.086172 0.582492 -0.807515
15.284569 0.410857 -0.905731
15.482966 0.223104 -0.968412
15.681363 0.026597 -0.993101
15.879760 -0.170952 -0.978828
16.078156 -0.361795 -0.926154
16.276553 -0.538444 -0.837144
16.474950 -0.693969 -0.715291
16.673347 -0.822267 -0.565376
16.871743 -0.918306 -0.393279
17.070140 -0.978318 -0.205753
17.268537 -0.999948 -0.010155
17.466934 -0.982347 0.185841
17.665331 -0.926207 0.374546
17.863727 -0.833730 0.548557
18.062124 -0.708543 0.701047
18.260521 -0.555559 0.826033
18.458918 -0.380779 0.918612
18.657315 -0.191059 0.975152
18.855711 0.006155 0.993434
19.054108 0.203129 0.972741
19.252505 0.392133 0.913886
19.450902 0.565753 0.819176
19.649299 0.717177 0.692329
19.847695 0.840464 0.538319
20.046092 0.930778 0.363190
20.244489 0.984576 0.173813
20.442886 0.999746 -0.022384
20.641283 0.975694 -0.217703
20.839679 0.913363 -0.404480
21.038076 0.815199 -0.575389
21.236473 0.685052 -0.723724
21.434870 0.528030 -0.843666
21.633267 0.350291 -0.930508
21.831663 0.158810 -0.980845
22.030060 -0.038902 -0.992701
22.228457 -0.235087 -0.965610
22.426854 -0.422050 -0.900637
22.625251 -0.592454 -0.800330
22.823647 -0.739615 -0.668623
23.022044 -0.857760 -0.510685
23.220441 -0.942252 -0.332712
23.418838 -0.989778 -0.141685
23.617234 -0.998472 0.054900
23.815631 -0.967994 0.249331
24.014028 -0.899539 0.433980
24.212425 -0.795793 0.601604
24.410822 -0.660827 0.745625
24.609218 -0.499934 0.860393
24.807615 -0.319428 0.941406
25.006012 -0.126390 0.985486
25.204409 0.071606 0.990902
25.402806 0.266793 0.957444
25.601202 0.451514 0.886422
25.799599 0.618520 0.780624
25.997996 0.761260 0.644201
26.196393 0.874135 0.482503
26.394790 0.952715 0.301877
26.593186 0.993917 0.109406
26.791583 0.996126 -0.087356
26.989980 0.959255 -0.280691
27.188377 0.884750 -0.463015
27.386774 0.775534 -0.627173
27.585170 0.635892 -0.766725
27.783567 0.471302 -0.876197
27.981964 0.288222 -0.951294
28.180361 0.093835 -0.989069
28.378758 -0.104234 -0.988041
28.577154 -0.298213 -0.948250
28.775551 -0.480493 -0.871256
28.973948 -0.643922 -0.760081
29.172345 -0.782089 -0.619087
29.370741 -0.889572 -0.453804
29.569138 -0.962155 -0.270717
29.767535 -0.996991 -0.077010
29.965932 -0.992712 0.119719
30.164329 -0.949487 0.311751
30.362725 -0.869012 0.491552
30.561122 -0.754442 0.652069
30.759519 -0.610275 0.787003
30.957916 -0.442165 0.891061
31.156313 -0.256707 0.960161
31.354709 -0.061179 0.991592
31.553106 0.136750 0.984120
31.751503 0.329314 0.938039
31.949900 0.508958 0.855156
32.148297 0.668634 0.738723
32.346693 0.802078 0.593309
32.545090 0.904055 0.424618
32.743487 0.970564 0.239268
32.941884 0.998995 0.044531
33.140281 0.988233 -0.151953
33.338677 0.938701 -0.342476
33.537074 0.852341 -0.519563
33.735471 0.732542 -0.676265
33.933868 0.584003 -0.806437
34.132265 0.412553 -0.904970
34.330661 0.224917 -0.967998
34.529058 0.028457 -0.993050
34.727455 -0.169119 -0.979143
34.925852 -0.360060 -0.926821
35.124248 -0.536876 -0.838138
35.322645 -0.692628 -0.716572
35.521042 -0.821207 -0.566894
35.719439 -0.917568 -0.394976
35.917836 -0.977931 -0.207561
36.116232 -0.999927 -0.012004
36.314629 -0.982694 0.184025
36.513026 -0.926907 0.372834
36.711423 -0.834756 0.547015
36.909820 -0.709855 0.699736
37.108216 -0.557105 0.825005
37.306613 -0.382498 0.917907
37.505010 -0.192885 0.974797
37.703407 0.004295 0.993444
37.901804 0.201307 0.973115
38.100200 0.390421 0.914609
38.298597 0.564218 0.820220
38.496994 0.715879 0.693653
38.695391 0.839455 0.539872
38.893788 0.930097 0.364910
39.092184 0.984249 0.175632
39.290581 0.999786 -0.020536
39.488978 0.976100 -0.215899
39.687375 0.914119 -0.402791
39.885772 0.816275 -0.573881
40.084168 0.686407 -0.722457
40.282565 0.529609 -0.842688
40.480962 0.352033 -0.929859
40.679359 0.160647 -0.980550
40.877756 -0.037043 -0.992771
41.076152 -0.233278 -0.966043
41.274549 -0.420362 -0.901416
41.472946 -0.590954 -0.801423
41.671343 -0.738362 -0.669989
41.869739 -0.856802 -0.512270
42.068136 -0.941627 -0.334453
42.266533 -0.989511 -0.143515
42.464930 -0.998573 0.053054
42.663327 -0.968459 0.247541
42.861723 -0.900350 0.432317
43.060120 -0.796919 0.600132
43.258517 -0.662222 0.744402
43.456914 -0.501545 0.859467
43.655311 -0.321191 0.940814
43.853707 -0.128236 0.985250
44.052104 0.069750 0.991033
44.250501 0.265000 0.957935
44.448898 0.449853 0.887255
44.647295 0.617057 0.781766
44.845691 0.760053 0.645607
45.044088 0.873230 0.484118
45.242485 0.952148 0.303637
45.440882 0.993711 0.111243
45.639279 0.996288 -0.085515
45.837675 0.959779 -0.278918
46.036072 0.885616 -0.461378
46.234469 0.776707 -0.625738
46.432866 0.637327 -0.765548
46.631263 0.472942 -0.875325
46.829659 0.290003 -0.950760
47.028056 0.095687 -0.988894
47.226453 -0.102383 -0.988232
47.424850 -0.296437 -0.948799
47.623246 -0.478861 -0.872143
47.821643 -0.642498 -0.761270
48.020040 -0.780928 -0.620531
48.218437 -0.888721 -0.455447
48.416834 -0.961647 -0.272495
48.615230 -0.996845 -0.078852
48.813627 -0.992935 0.117884
49.012024 -0.950069 0.309995
49.210421 -0.869931 0.489945
49.408818 -0.755662 0.650673
49.607214 -0.611748 0.785874
49.805611 -0.443833 0.890243
50.004008 -0.258505 0.959685
50.202405 -0.063036 0.991477
50.400802 0.134907 0.984371
50.599198 0.327556 0.938646
50.797595 0.507355 0.856095
50.995992 0.667249 0.739958
51.194389 0.800966 0.594790
51.392786 0.903258 0.426288
51.591182 0.970114 0.241061
51.789579 0.998910 0.046377
51.987976 0.988516 -0.150127
52.186373 0.939340 -0.340740
52.384770 0.853312 -0.517986
52.583166 0.733807 -0.674910
52.781563 0.585512 -0.805356
52.979960 0.414247 -0.904205
53.178357 0.226729 -0.967581
53.376754 0.030317 -0.992996
53.575150 -0.167285 -0.979454
53.773547 -0.358324 -0.927485
53.971944 -0.535305 -0.839129
54.170341 -0.691285 -0.717851
54.368737 -0.820144 -0.568411
54.567134 -0.916827 -0.396671
54.765531 -0.977540 -0.209368
54.963928 -0.999903 -0.013852
55.162325 -0.983037 0.182208
55.360721 -0.927604 0.371120
55.559118 -0.835779 0.545471
55.757515 -0.711164 0.698423
55.955912 -0.558649 0.823974
56.154309 -0.384217 0.917198
56.352705 -0.194711 0.974439
56.551102 0.002434 0.993450
56.749499 0.199484 0.973485
56.947896 0.388707 0.915329
57.146293 0.562681 0.821262
57.344689 0.714579 0.694975
57.543086 0.838442 0.541422
57.741483 0.929412 0.366629
57.939880 0.983918 0.177451
58.138277 0.999823 -0.018688
58.336673 0.976503 -0.214094
58.535070 0.914872 -0.401101
58.733467 0.817348 -0.572372
58.931864 0.687758 -0.721187
59.130261 0.531186 -0.841708
59.328657 0.353774 -0.929207
59.527054 0.162483 -0.980251
59.725451 -0.035183 -0.992838
59.923848 -0.231469 -0.966473
60.122244 -0.418673 -0.902191
60.320641 -0.589452 -0.802514
60.519038 -0.737106 -0.671353
60.717435 -0.855841 -0.513853
60.915832 -0.940999 -0.336193
61.114228 -0.989240 -0.145343
61.312625 -0.998671 0.051208
61.511022 -0.968921 0.245751
61.709419 -0.901158 0.430652
61.907816 -0.798041 0.598658
62.106212 -0.663615 0.743177
62.304609 -0.503153 0.858539
62.503006 -0.322952 0.940219
62.701403 -0.130081 0.985012
62.899800 0.067894 0.991160
63.098196 0.263205 0.958423
63.296593 0.448190 0.888085
63.494990 0.615592 0.782905
63.693387 0.758842 0.647010
63.891784 0.872322 0.485732
64.090180 0.951577 0.305396
64.288577 0.993501 0.113080
64.486974 0.996447 -0.083673
64.685371 0.960300 -0.277143
64.883768 0.886478 -0.459741
65.082164 0.777878 -0.624301
65.280561 0.638759 -0.764369
65.478958 0.474581 -0.874449
65.677355 0.291784 -0.950222
65.875752 0.097539 -0.988716
66.074148 -0.100532 -0.988420
66.272545 -0.294660 -0.949346
66.470942 -0.477227 -0.873027
66.669339 -0.641071 -0.762457
66.867735 -0.779765 -0.621974
67.066132 -0.887866 -0.457089
67.264529 -0.961135 -0.274272
67.462926 -0.996696 -0.080695
67.661323 -0.993154 0.116048
67.859719 -0.950648 0.308239
68.058116 -0.870847 0.488336
68.256513 -0.756880 0.649275
68.454910 -0.613218 0.784742
68.653307 -0.445499 0.889421
68.851703 -0.260302 0.959206
69.050100 -0.064893 0.991359
69.248497 0.133063 0.984619
69.446894 0.325798 0.939249
69.645291 0.505751 0.857031
69.843687 0.665862 0.741190
70.042084 0.799850 0.596270
70.240481 0.902458 0.427957
70.438878 0.969661 0.242854
70.637275 0.998821 0.048223
70.835671 0.988795 -0.148299
71.034068 0.939977 -0.339004
71.232465 0.854281 -0.516408
71.430862 0.735070 -0.673553
71.629259 0.587020 -0.804272
71.827655 0.415940 -0.903438
72.026052 0.228541 -0.967160
72.224449 0.032177 -0.992938
72.422846 -0.165450 -0.979761
72.621242 -0.356586 -0.928145
72.819639 -0.533733 -0.840117
73.018036 -0.689939 -0.719128
73.216433 -0.819078 -0.569926
73.414830 -0.916082 -0.398365
73.613226 -0.977147 -0.211175
73.811623 -0.999875 -0.015700
74.010020 -0.983376 0.180391
74.208417 -0.928297 0.369405
74.406814 -0.836799 0.543926
74.605210 -0.712471 0.697107
74.803607 -0.560191 0.822940
75.002004 -0.385934 0.916486
75.200401 -0.196535 0.974077
75.398798 0.000574 0.993453
75.597194 0.197660 0.973852
75.795591 0.386992 0.916046
75.993988 0.561142 0.822301
76.192385 0.713276 0.696294
76.390782 0.837427 0.542971
76.589178 0.928723 0.368346
76.787575 0.983584 0.179269
76.985972 0.999856 -0.016840
77.184369 0.976902 -0.212289
77.382766 0.915621 -0.399409
77.581162 0.818419 -0.570860
77.779559 0.689108 -0.719914
77.977956 0.532762 -0.840725
78.176353 0.355514 -0.928551
78.374749 0.164318 -0.979949
78.573146 -0.033324 -0.992901
78.771543 -0.229658 -0.966899
78.969940 -0.416983 -0.902963
79.168337 -0.587949 -0.803602
79.366733 -0.735847 -0.672714
79.565130 -0.854877 -0.515434
79.763527 -0.940368 -0.337932
79.961924 -0.988966 -0.147172
80.160321 -0.998765 0.049362
80.358717 -0.969380 0.243959
80.557114 -0.901963 0.428986
80.755511 -0.799161 0.597182
80.953908 -0.665005 0.741949
81.152305 -0.504760 0.857607
81.350701 -0.324712 0.939620
81.549098 -0.131925 0.984770
81.747495 0.066038 0.991284
81.945892 0.261410 0.958908
82.144289 0.446527 0.888912
82.342685 0.614125 0.784042
82.541082 0.757629 0.648412
82.739479 0.871410 0.487343
82.937876 0.951004 0.307155
83.136273 0.993287 0.114916
83.334669 0.996602 -0.081831
83.533066 0.960817 -0.275368
83.731463 0.887338 -0.458101
83.929860 0.779045 -0.622862
84.128257 0.640190 -0.763187
84.326653 0.476218 -0.873570
84.525050 0.293563 -0.949681
84.723447 0.099390 -0.988534
84.921844 -0.098681 -0.988604
85.120240 -0.292881 -0.949889
85.318637 -0.475591 -0.873907
85.517034 -0.639642 -0.763640
85.715431 -0.778598 -0.623414
85.913828 -0.887009 -0.458730
86.112224 -0.960619 -0.276048
86.310621 -0.996543 -0.082537
86.509018 -0.993370 0.114213
86.707415 -0.951224 0.306481
86.905812 -0.871760 0.486726
87.104208 -0.758094 0.647875
87.302605 -0.614687 0.783607
87.501002 -0.447164 0.888596
87.699399 -0.262098 0.958723
87.897796 -0.066749 0.991237
88.096192 0.131219 0.984863
88.294589 0.324038 0.939850
88.492986 0.504145 0.857965
88.691383 0.664473 0.742419
88.889780 0.798732 0.597747
89.088176 0.901655 0.429624
89.286573 0.969204 0.244646
89.484970 0.998729 0.050069
89.683367 0.989071 -0.146471
89.881764 0.940610 -0.337266
90.080160 0.855247 -0.514828
90.278557 0.736330 -0.672193
90.476954 0.588525 -0.803186
90.675351 0.417631 -0.902668
90.873747 0.230352 -0.966736
91.072144 0.034036 -0.992877
91.270541 -0.163615 -0.980065
91.468938 -0.354847 -0.928803
91.667335 -0.532158 -0.841102
91.865731 -0.688591 -0.720402
92.064128 -0.818009 -0.571439
92.262525 -0.915335 -0.400058
92.460922 -0.976749 -0.212981
92.659319 -0.999844 -0.017548
92.857715 -0.983712 0.178573
93.056112 -0.928987 0.367688
93.254509 -0.837816 0.542378
93.452906 -0.713775 0.695789
93.651303 -0.561731 0.821903
93.849699 -0.387649 0.915772
94.048096 -0.198359 0.973712
94.246493 -0.001287 0.993452
94.444890 0.195836 0.974216
94.643287 0.385276 0.916759
94.841683 0.559601 0.823336
95.040080 0.711971 0.697612
95.238477 0.836408 0.544518
95.436874 0.928032 0.370062
95.635271 0.983247 0.181087
95.833667 0.999886 -0.014992
96.032064 0.977298 -0.210483
96.230461 0.916368 -0.397716
96.428858 0.819487 -0.569346
96.627255 0.690455 -0.718639
96.825651 0.534335 -0.839738
97.024048 0.357252 -0.927893
97.222445 0.166153 -0.979644
97.420842 -0.031464 -0.992961
97.619238 -0.227847 -0.967322
97.817635 -0.415291 -0.903732
98.016032 -0.586443 -0.804688
98.214429 -0.734586 -0.674073
98.412826 -0.853910 -0.517013
98.611222 -0.939734 -0.339669
98.809619 -0.988689 -0.148999
99.008016 -0.998856 0.047516
99.206413 -0.969835 0.242167
99.404810 -0.902765 0.427318
99.603206 -0.800278 0.595703
99.801603 -0.666394 0.740718
100.000000 -0.506366 0.856673
